Tiempo (s), Cal1 (%), Cal2 (%), Temp1 (°C), Temp2 (°C), Set1 (°C), Set2 (°C)
0.000000000000000000e+00,0.000000000000000000e+00,0.000000000000000000e+00,2.937399999999999878e+01,2.898300000000000054e+01,2.300000000000000000e+01,2.300000000000000000e+01
1.000089645385742188e+00,0.000000000000000000e+00,0.000000000000000000e+00,2.932600000000000051e+01,2.898300000000000054e+01,2.300000000000000000e+01,2.300000000000000000e+01
2.000598907470703125e+00,0.000000000000000000e+00,0.000000000000000000e+00,2.932600000000000051e+01,2.898300000000000054e+01,2.300000000000000000e+01,2.300000000000000000e+01
3.001151084899902344e+00,0.000000000000000000e+00,0.000000000000000000e+00,2.932600000000000051e+01,2.888599999999999923e+01,2.300000000000000000e+01,2.300000000000000000e+01
4.001315355300903320e+00,0.000000000000000000e+00,0.000000000000000000e+00,2.932600000000000051e+01,2.883699999999999974e+01,2.300000000000000000e+01,2.300000000000000000e+01
5.001597881317138672e+00,0.000000000000000000e+00,0.000000000000000000e+00,2.932600000000000051e+01,2.893499999999999872e+01,2.300000000000000000e+01,2.300000000000000000e+01
6.001950025558471680e+00,0.000000000000000000e+00,0.000000000000000000e+00,2.932600000000000051e+01,2.888599999999999923e+01,2.300000000000000000e+01,2.300000000000000000e+01
7.002180576324462891e+00,0.000000000000000000e+00,0.000000000000000000e+00,2.937399999999999878e+01,2.888599999999999923e+01,2.300000000000000000e+01,2.300000000000000000e+01
8.002263307571411133e+00,0.000000000000000000e+00,0.000000000000000000e+00,2.927700000000000102e+01,2.883699999999999974e+01,2.300000000000000000e+01,2.300000000000000000e+01
9.002368450164794922e+00,0.000000000000000000e+00,0.000000000000000000e+00,2.932600000000000051e+01,2.883699999999999974e+01,2.300000000000000000e+01,2.300000000000000000e+01
1.000276970863342285e+01,3.000000000000000000e+01,0.000000000000000000e+00,2.927700000000000102e+01,2.883699999999999974e+01,2.300000000000000000e+01,2.300000000000000000e+01
1.100322556495666504e+01,3.000000000000000000e+01,0.000000000000000000e+00,2.932600000000000051e+01,2.898300000000000054e+01,2.300000000000000000e+01,2.300000000000000000e+01
1.200343894958496094e+01,3.000000000000000000e+01,0.000000000000000000e+00,2.932600000000000051e+01,2.878800000000000026e+01,2.300000000000000000e+01,2.300000000000000000e+01
1.300374627113342285e+01,3.000000000000000000e+01,0.000000000000000000e+00,2.937399999999999878e+01,2.888599999999999923e+01,2.300000000000000000e+01,2.300000000000000000e+01
1.400385427474975586e+01,3.000000000000000000e+01,0.000000000000000000e+00,2.942299999999999827e+01,2.888599999999999923e+01,2.300000000000000000e+01,2.300000000000000000e+01
1.500403022766113281e+01,3.000000000000000000e+01,0.000000000000000000e+00,2.942299999999999827e+01,2.883699999999999974e+01,2.300000000000000000e+01,2.300000000000000000e+01
1.600426125526428223e+01,3.000000000000000000e+01,0.000000000000000000e+00,2.937399999999999878e+01,2.883699999999999974e+01,2.300000000000000000e+01,2.300000000000000000e+01
1.700437283515930176e+01,3.000000000000000000e+01,0.000000000000000000e+00,2.937399999999999878e+01,2.883699999999999974e+01,2.300000000000000000e+01,2.300000000000000000e+01
1.800463414192199707e+01,3.000000000000000000e+01,0.000000000000000000e+00,2.952100000000000080e+01,2.888599999999999923e+01,2.300000000000000000e+01,2.300000000000000000e+01
1.900498175621032715e+01,3.000000000000000000e+01,0.000000000000000000e+00,2.942299999999999827e+01,2.883699999999999974e+01,2.300000000000000000e+01,2.300000000000000000e+01
2.000547575950622559e+01,3.000000000000000000e+01,0.000000000000000000e+00,2.957000000000000028e+01,2.883699999999999974e+01,2.300000000000000000e+01,2.300000000000000000e+01
2.100607275962829590e+01,3.000000000000000000e+01,0.000000000000000000e+00,2.976500000000000057e+01,2.927700000000000102e+01,2.300000000000000000e+01,2.300000000000000000e+01
2.200641942024230957e+01,3.000000000000000000e+01,0.000000000000000000e+00,2.971699999999999875e+01,2.888599999999999923e+01,2.300000000000000000e+01,2.300000000000000000e+01
2.300665020942687988e+01,3.000000000000000000e+01,0.000000000000000000e+00,2.981400000000000006e+01,2.883699999999999974e+01,2.300000000000000000e+01,2.300000000000000000e+01
2.400706791877746582e+01,3.000000000000000000e+01,0.000000000000000000e+00,2.986299999999999955e+01,2.888599999999999923e+01,2.300000000000000000e+01,2.300000000000000000e+01
2.500752878189086914e+01,3.000000000000000000e+01,0.000000000000000000e+00,2.981400000000000006e+01,2.883699999999999974e+01,2.300000000000000000e+01,2.300000000000000000e+01
2.600787615776062012e+01,3.000000000000000000e+01,0.000000000000000000e+00,2.996099999999999852e+01,2.883699999999999974e+01,2.300000000000000000e+01,2.300000000000000000e+01
2.700824308395385742e+01,3.000000000000000000e+01,0.000000000000000000e+00,3.015599999999999881e+01,2.883699999999999974e+01,2.300000000000000000e+01,2.300000000000000000e+01
2.800868010520935059e+01,3.000000000000000000e+01,0.000000000000000000e+00,3.030300000000000082e+01,2.883699999999999974e+01,2.300000000000000000e+01,2.300000000000000000e+01
2.900916194915771484e+01,3.000000000000000000e+01,0.000000000000000000e+00,3.035200000000000031e+01,2.883699999999999974e+01,2.300000000000000000e+01,2.300000000000000000e+01
3.000957393646240234e+01,3.000000000000000000e+01,0.000000000000000000e+00,3.035200000000000031e+01,2.878800000000000026e+01,2.300000000000000000e+01,2.300000000000000000e+01
3.100987672805786133e+01,3.000000000000000000e+01,0.000000000000000000e+00,3.030300000000000082e+01,2.893499999999999872e+01,2.300000000000000000e+01,2.300000000000000000e+01
3.200992631912231445e+01,3.000000000000000000e+01,0.000000000000000000e+00,3.044999999999999929e+01,2.873900000000000077e+01,2.300000000000000000e+01,2.300000000000000000e+01
3.301014423370361328e+01,3.000000000000000000e+01,0.000000000000000000e+00,3.044999999999999929e+01,2.893499999999999872e+01,2.300000000000000000e+01,2.300000000000000000e+01
3.401051044464111328e+01,3.000000000000000000e+01,0.000000000000000000e+00,3.069399999999999906e+01,2.878800000000000026e+01,2.300000000000000000e+01,2.300000000000000000e+01
3.501106309890747070e+01,3.000000000000000000e+01,0.000000000000000000e+00,3.079200000000000159e+01,2.893499999999999872e+01,2.300000000000000000e+01,2.300000000000000000e+01
3.601128435134887695e+01,3.000000000000000000e+01,0.000000000000000000e+00,3.074299999999999855e+01,2.888599999999999923e+01,2.300000000000000000e+01,2.300000000000000000e+01
3.701189804077148438e+01,3.000000000000000000e+01,0.000000000000000000e+00,3.074299999999999855e+01,2.883699999999999974e+01,2.300000000000000000e+01,2.300000000000000000e+01
3.801215767860412598e+01,3.000000000000000000e+01,0.000000000000000000e+00,3.079200000000000159e+01,2.888599999999999923e+01,2.300000000000000000e+01,2.300000000000000000e+01
3.901238012313842773e+01,3.000000000000000000e+01,0.000000000000000000e+00,3.089000000000000057e+01,2.893499999999999872e+01,2.300000000000000000e+01,2.300000000000000000e+01
4.001276445388793945e+01,3.000000000000000000e+01,0.000000000000000000e+00,3.103600000000000136e+01,2.878800000000000026e+01,2.300000000000000000e+01,2.300000000000000000e+01
4.101286077499389648e+01,3.000000000000000000e+01,0.000000000000000000e+00,3.113400000000000034e+01,2.893499999999999872e+01,2.300000000000000000e+01,2.300000000000000000e+01
4.201317453384399414e+01,3.000000000000000000e+01,0.000000000000000000e+00,3.118299999999999983e+01,2.903200000000000003e+01,2.300000000000000000e+01,2.300000000000000000e+01
4.301355218887329102e+01,3.000000000000000000e+01,0.000000000000000000e+00,3.128099999999999881e+01,2.888599999999999923e+01,2.300000000000000000e+01,2.300000000000000000e+01
4.401403617858886719e+01,3.000000000000000000e+01,0.000000000000000000e+00,3.132900000000000063e+01,2.883699999999999974e+01,2.300000000000000000e+01,2.300000000000000000e+01
4.501418685913085938e+01,3.000000000000000000e+01,0.000000000000000000e+00,3.137800000000000011e+01,2.893499999999999872e+01,2.300000000000000000e+01,2.300000000000000000e+01
4.601478147506713867e+01,3.000000000000000000e+01,0.000000000000000000e+00,3.132900000000000063e+01,2.898300000000000054e+01,2.300000000000000000e+01,2.300000000000000000e+01
4.701492547988891602e+01,3.000000000000000000e+01,0.000000000000000000e+00,3.147599999999999909e+01,2.898300000000000054e+01,2.300000000000000000e+01,2.300000000000000000e+01
4.801506876945495605e+01,3.000000000000000000e+01,0.000000000000000000e+00,3.132900000000000063e+01,2.888599999999999923e+01,2.300000000000000000e+01,2.300000000000000000e+01
4.901518440246582031e+01,3.000000000000000000e+01,0.000000000000000000e+00,3.157400000000000162e+01,2.893499999999999872e+01,2.300000000000000000e+01,2.300000000000000000e+01
5.001533842086791992e+01,3.000000000000000000e+01,0.000000000000000000e+00,3.171999999999999886e+01,2.893499999999999872e+01,2.300000000000000000e+01,2.300000000000000000e+01
5.101545023918151855e+01,3.000000000000000000e+01,0.000000000000000000e+00,3.171999999999999886e+01,2.898300000000000054e+01,2.300000000000000000e+01,2.300000000000000000e+01
5.201587867736816406e+01,3.000000000000000000e+01,0.000000000000000000e+00,3.176899999999999835e+01,2.893499999999999872e+01,2.300000000000000000e+01,2.300000000000000000e+01
5.301639366149902344e+01,3.000000000000000000e+01,0.000000000000000000e+00,3.181800000000000139e+01,2.898300000000000054e+01,2.300000000000000000e+01,2.300000000000000000e+01
5.401688051223754883e+01,3.000000000000000000e+01,0.000000000000000000e+00,3.186700000000000088e+01,2.903200000000000003e+01,2.300000000000000000e+01,2.300000000000000000e+01
5.501699852943420410e+01,3.000000000000000000e+01,0.000000000000000000e+00,3.196499999999999986e+01,2.903200000000000003e+01,2.300000000000000000e+01,2.300000000000000000e+01
5.601754164695739746e+01,3.000000000000000000e+01,0.000000000000000000e+00,3.215999999999999659e+01,2.898300000000000054e+01,2.300000000000000000e+01,2.300000000000000000e+01
5.701767683029174805e+01,3.000000000000000000e+01,0.000000000000000000e+00,3.225800000000000267e+01,2.912999999999999901e+01,2.300000000000000000e+01,2.300000000000000000e+01
5.801815748214721680e+01,3.000000000000000000e+01,0.000000000000000000e+00,3.230700000000000216e+01,2.912999999999999901e+01,2.300000000000000000e+01,2.300000000000000000e+01
5.901862525939941406e+01,3.000000000000000000e+01,0.000000000000000000e+00,3.230700000000000216e+01,2.908099999999999952e+01,2.300000000000000000e+01,2.300000000000000000e+01
6.001932716369628906e+01,3.000000000000000000e+01,0.000000000000000000e+00,3.235600000000000165e+01,2.908099999999999952e+01,2.300000000000000000e+01,2.300000000000000000e+01
6.101968145370483398e+01,3.000000000000000000e+01,0.000000000000000000e+00,3.235600000000000165e+01,2.917899999999999849e+01,2.300000000000000000e+01,2.300000000000000000e+01
6.202016568183898926e+01,3.000000000000000000e+01,0.000000000000000000e+00,3.240500000000000114e+01,2.903200000000000003e+01,2.300000000000000000e+01,2.300000000000000000e+01
6.302054643630981445e+01,3.000000000000000000e+01,0.000000000000000000e+00,3.264900000000000091e+01,2.922800000000000153e+01,2.300000000000000000e+01,2.300000000000000000e+01
6.402075886726379395e+01,3.000000000000000000e+01,0.000000000000000000e+00,3.269800000000000040e+01,2.908099999999999952e+01,2.300000000000000000e+01,2.300000000000000000e+01
6.502122235298156738e+01,3.000000000000000000e+01,0.000000000000000000e+00,3.274699999999999989e+01,2.932600000000000051e+01,2.300000000000000000e+01,2.300000000000000000e+01
6.602141809463500977e+01,3.000000000000000000e+01,0.000000000000000000e+00,3.274699999999999989e+01,2.912999999999999901e+01,2.300000000000000000e+01,2.300000000000000000e+01
6.702171492576599121e+01,3.000000000000000000e+01,0.000000000000000000e+00,3.284499999999999886e+01,2.922800000000000153e+01,2.300000000000000000e+01,2.300000000000000000e+01
6.802214837074279785e+01,3.000000000000000000e+01,0.000000000000000000e+00,3.279599999999999937e+01,2.917899999999999849e+01,2.300000000000000000e+01,2.300000000000000000e+01
6.902263045310974121e+01,3.000000000000000000e+01,0.000000000000000000e+00,3.279599999999999937e+01,2.912999999999999901e+01,2.300000000000000000e+01,2.300000000000000000e+01
7.002291250228881836e+01,3.000000000000000000e+01,0.000000000000000000e+00,3.303999999999999915e+01,2.922800000000000153e+01,2.300000000000000000e+01,2.300000000000000000e+01
7.102316927909851074e+01,3.000000000000000000e+01,0.000000000000000000e+00,3.303999999999999915e+01,2.927700000000000102e+01,2.300000000000000000e+01,2.300000000000000000e+01
7.202372193336486816e+01,3.000000000000000000e+01,0.000000000000000000e+00,3.318699999999999761e+01,2.927700000000000102e+01,2.300000000000000000e+01,2.300000000000000000e+01
7.302381086349487305e+01,3.000000000000000000e+01,0.000000000000000000e+00,3.318699999999999761e+01,2.917899999999999849e+01,2.300000000000000000e+01,2.300000000000000000e+01
7.402450799942016602e+01,3.000000000000000000e+01,0.000000000000000000e+00,3.318699999999999761e+01,2.917899999999999849e+01,2.300000000000000000e+01,2.300000000000000000e+01
7.502490758895874023e+01,3.000000000000000000e+01,0.000000000000000000e+00,3.323599999999999710e+01,2.927700000000000102e+01,2.300000000000000000e+01,2.300000000000000000e+01
7.602540826797485352e+01,3.000000000000000000e+01,0.000000000000000000e+00,3.333299999999999841e+01,2.937399999999999878e+01,2.300000000000000000e+01,2.300000000000000000e+01
7.702618861198425293e+01,3.000000000000000000e+01,0.000000000000000000e+00,3.333299999999999841e+01,2.927700000000000102e+01,2.300000000000000000e+01,2.300000000000000000e+01
7.802643132209777832e+01,3.000000000000000000e+01,0.000000000000000000e+00,3.338199999999999790e+01,2.932600000000000051e+01,2.300000000000000000e+01,2.300000000000000000e+01
7.902684974670410156e+01,3.000000000000000000e+01,0.000000000000000000e+00,3.352900000000000347e+01,2.942299999999999827e+01,2.300000000000000000e+01,2.300000000000000000e+01
8.002697944641113281e+01,3.000000000000000000e+01,0.000000000000000000e+00,3.347999999999999687e+01,2.942299999999999827e+01,2.300000000000000000e+01,2.300000000000000000e+01
8.102751231193542480e+01,3.000000000000000000e+01,0.000000000000000000e+00,3.343099999999999739e+01,2.952100000000000080e+01,2.300000000000000000e+01,2.300000000000000000e+01
8.202782750129699707e+01,3.000000000000000000e+01,0.000000000000000000e+00,3.362700000000000244e+01,2.937399999999999878e+01,2.300000000000000000e+01,2.300000000000000000e+01
8.302849078178405762e+01,3.000000000000000000e+01,0.000000000000000000e+00,3.367499999999999716e+01,2.947200000000000131e+01,2.300000000000000000e+01,2.300000000000000000e+01
8.402871274948120117e+01,3.000000000000000000e+01,0.000000000000000000e+00,3.372399999999999665e+01,2.942299999999999827e+01,2.300000000000000000e+01,2.300000000000000000e+01
8.502893662452697754e+01,3.000000000000000000e+01,0.000000000000000000e+00,3.372399999999999665e+01,2.947200000000000131e+01,2.300000000000000000e+01,2.300000000000000000e+01
8.602923870086669922e+01,3.000000000000000000e+01,0.000000000000000000e+00,3.377300000000000324e+01,2.937399999999999878e+01,2.300000000000000000e+01,2.300000000000000000e+01
8.702927780151367188e+01,3.000000000000000000e+01,0.000000000000000000e+00,3.372399999999999665e+01,2.952100000000000080e+01,2.300000000000000000e+01,2.300000000000000000e+01
8.802989482879638672e+01,3.000000000000000000e+01,0.000000000000000000e+00,3.392000000000000171e+01,2.952100000000000080e+01,2.300000000000000000e+01,2.300000000000000000e+01
8.903043293952941895e+01,3.000000000000000000e+01,0.000000000000000000e+00,3.377300000000000324e+01,2.966799999999999926e+01,2.300000000000000000e+01,2.300000000000000000e+01
9.003064608573913574e+01,3.000000000000000000e+01,0.000000000000000000e+00,3.372399999999999665e+01,2.947200000000000131e+01,2.300000000000000000e+01,2.300000000000000000e+01
9.103075480461120605e+01,3.000000000000000000e+01,0.000000000000000000e+00,3.372399999999999665e+01,2.971699999999999875e+01,2.300000000000000000e+01,2.300000000000000000e+01
9.203131484985351562e+01,3.000000000000000000e+01,0.000000000000000000e+00,3.392000000000000171e+01,2.971699999999999875e+01,2.300000000000000000e+01,2.300000000000000000e+01
9.303170514106750488e+01,3.000000000000000000e+01,0.000000000000000000e+00,3.396900000000000119e+01,2.971699999999999875e+01,2.300000000000000000e+01,2.300000000000000000e+01
9.403219580650329590e+01,3.000000000000000000e+01,0.000000000000000000e+00,3.396900000000000119e+01,2.966799999999999926e+01,2.300000000000000000e+01,2.300000000000000000e+01
9.503230619430541992e+01,3.000000000000000000e+01,0.000000000000000000e+00,3.406600000000000250e+01,2.976500000000000057e+01,2.300000000000000000e+01,2.300000000000000000e+01
9.603272318840026855e+01,3.000000000000000000e+01,0.000000000000000000e+00,3.416400000000000148e+01,2.966799999999999926e+01,2.300000000000000000e+01,2.300000000000000000e+01
9.703303956985473633e+01,3.000000000000000000e+01,0.000000000000000000e+00,3.421300000000000097e+01,2.971699999999999875e+01,2.300000000000000000e+01,2.300000000000000000e+01
9.803340721130371094e+01,3.000000000000000000e+01,0.000000000000000000e+00,3.421300000000000097e+01,2.981400000000000006e+01,2.300000000000000000e+01,2.300000000000000000e+01
9.903392457962036133e+01,3.000000000000000000e+01,0.000000000000000000e+00,3.416400000000000148e+01,2.986299999999999955e+01,2.300000000000000000e+01,2.300000000000000000e+01
1.000340251922607422e+02,3.000000000000000000e+01,0.000000000000000000e+00,3.426200000000000045e+01,2.976500000000000057e+01,2.300000000000000000e+01,2.300000000000000000e+01
1.010345132350921631e+02,3.000000000000000000e+01,0.000000000000000000e+00,3.421300000000000097e+01,2.981400000000000006e+01,2.300000000000000000e+01,2.300000000000000000e+01
1.020350439548492432e+02,3.000000000000000000e+01,0.000000000000000000e+00,3.421300000000000097e+01,2.991199999999999903e+01,2.300000000000000000e+01,2.300000000000000000e+01
1.030351357460021973e+02,3.000000000000000000e+01,0.000000000000000000e+00,3.431099999999999994e+01,2.986299999999999955e+01,2.300000000000000000e+01,2.300000000000000000e+01
1.040353343486785889e+02,3.000000000000000000e+01,0.000000000000000000e+00,3.445700000000000074e+01,2.986299999999999955e+01,2.300000000000000000e+01,2.300000000000000000e+01
1.050354926586151123e+02,3.000000000000000000e+01,0.000000000000000000e+00,3.450600000000000023e+01,2.991199999999999903e+01,2.300000000000000000e+01,2.300000000000000000e+01
1.060358231067657471e+02,3.000000000000000000e+01,0.000000000000000000e+00,3.455499999999999972e+01,2.996099999999999852e+01,2.300000000000000000e+01,2.300000000000000000e+01
1.070365209579467773e+02,3.000000000000000000e+01,0.000000000000000000e+00,3.460399999999999920e+01,2.981400000000000006e+01,2.300000000000000000e+01,2.300000000000000000e+01
1.080366718769073486e+02,3.000000000000000000e+01,0.000000000000000000e+00,3.460399999999999920e+01,3.005900000000000105e+01,2.300000000000000000e+01,2.300000000000000000e+01
1.090368096828460693e+02,3.000000000000000000e+01,0.000000000000000000e+00,3.470199999999999818e+01,3.001000000000000156e+01,2.300000000000000000e+01,2.300000000000000000e+01
1.100375080108642578e+02,3.000000000000000000e+01,0.000000000000000000e+00,3.475099999999999767e+01,3.001000000000000156e+01,2.300000000000000000e+01,2.300000000000000000e+01
1.110377833843231201e+02,3.000000000000000000e+01,0.000000000000000000e+00,3.470199999999999818e+01,2.996099999999999852e+01,2.300000000000000000e+01,2.300000000000000000e+01
1.120382053852081299e+02,3.000000000000000000e+01,0.000000000000000000e+00,3.465299999999999869e+01,3.010800000000000054e+01,2.300000000000000000e+01,2.300000000000000000e+01
1.130386636257171631e+02,3.000000000000000000e+01,0.000000000000000000e+00,3.475099999999999767e+01,3.020499999999999829e+01,2.300000000000000000e+01,2.300000000000000000e+01
1.140392222404479980e+02,3.000000000000000000e+01,0.000000000000000000e+00,3.475099999999999767e+01,3.025400000000000134e+01,2.300000000000000000e+01,2.300000000000000000e+01
1.150397810935974121e+02,3.000000000000000000e+01,0.000000000000000000e+00,3.484799999999999898e+01,3.020499999999999829e+01,2.300000000000000000e+01,2.300000000000000000e+01
1.160403580665588379e+02,3.000000000000000000e+01,0.000000000000000000e+00,3.475099999999999767e+01,3.015599999999999881e+01,2.300000000000000000e+01,2.300000000000000000e+01
1.170407307147979736e+02,3.000000000000000000e+01,0.000000000000000000e+00,3.494599999999999795e+01,3.030300000000000082e+01,2.300000000000000000e+01,2.300000000000000000e+01
1.180409827232360840e+02,3.000000000000000000e+01,0.000000000000000000e+00,3.509300000000000352e+01,3.015599999999999881e+01,2.300000000000000000e+01,2.300000000000000000e+01
1.190413455963134766e+02,3.000000000000000000e+01,0.000000000000000000e+00,3.509300000000000352e+01,3.035200000000000031e+01,2.300000000000000000e+01,2.300000000000000000e+01
1.200417304039001465e+02,3.000000000000000000e+01,0.000000000000000000e+00,3.514200000000000301e+01,3.025400000000000134e+01,2.300000000000000000e+01,2.300000000000000000e+01
1.210421483516693115e+02,3.000000000000000000e+01,0.000000000000000000e+00,3.519100000000000250e+01,3.025400000000000134e+01,2.300000000000000000e+01,2.300000000000000000e+01
1.220423688888549805e+02,3.000000000000000000e+01,0.000000000000000000e+00,3.519100000000000250e+01,3.035200000000000031e+01,2.300000000000000000e+01,2.300000000000000000e+01
1.230424082279205322e+02,3.000000000000000000e+01,0.000000000000000000e+00,3.523899999999999721e+01,3.035200000000000031e+01,2.300000000000000000e+01,2.300000000000000000e+01
1.240427262783050537e+02,3.000000000000000000e+01,0.000000000000000000e+00,3.519100000000000250e+01,3.030300000000000082e+01,2.300000000000000000e+01,2.300000000000000000e+01
1.250428345203399658e+02,3.000000000000000000e+01,0.000000000000000000e+00,3.523899999999999721e+01,3.035200000000000031e+01,2.300000000000000000e+01,2.300000000000000000e+01
1.260431909561157227e+02,3.000000000000000000e+01,0.000000000000000000e+00,3.528799999999999670e+01,3.035200000000000031e+01,2.300000000000000000e+01,2.300000000000000000e+01
1.270434174537658691e+02,3.000000000000000000e+01,0.000000000000000000e+00,3.523899999999999721e+01,3.035200000000000031e+01,2.300000000000000000e+01,2.300000000000000000e+01
1.280438287258148193e+02,3.000000000000000000e+01,0.000000000000000000e+00,3.528799999999999670e+01,3.035200000000000031e+01,2.300000000000000000e+01,2.300000000000000000e+01
1.290442769527435303e+02,3.000000000000000000e+01,0.000000000000000000e+00,3.553300000000000125e+01,3.035200000000000031e+01,2.300000000000000000e+01,2.300000000000000000e+01
1.300445535182952881e+02,3.000000000000000000e+01,0.000000000000000000e+00,3.543500000000000227e+01,3.035200000000000031e+01,2.300000000000000000e+01,2.300000000000000000e+01
1.310452415943145752e+02,3.000000000000000000e+01,0.000000000000000000e+00,3.553300000000000125e+01,3.040099999999999980e+01,2.300000000000000000e+01,2.300000000000000000e+01
1.320455899238586426e+02,3.000000000000000000e+01,0.000000000000000000e+00,3.558200000000000074e+01,3.054700000000000060e+01,2.300000000000000000e+01,2.300000000000000000e+01
1.330459804534912109e+02,3.000000000000000000e+01,0.000000000000000000e+00,3.563100000000000023e+01,3.040099999999999980e+01,2.300000000000000000e+01,2.300000000000000000e+01
1.340465714931488037e+02,3.000000000000000000e+01,0.000000000000000000e+00,3.558200000000000074e+01,3.054700000000000060e+01,2.300000000000000000e+01,2.300000000000000000e+01
1.350466995239257812e+02,3.000000000000000000e+01,0.000000000000000000e+00,3.563100000000000023e+01,3.044999999999999929e+01,2.300000000000000000e+01,2.300000000000000000e+01
1.360473017692565918e+02,3.000000000000000000e+01,0.000000000000000000e+00,3.563100000000000023e+01,3.040099999999999980e+01,2.300000000000000000e+01,2.300000000000000000e+01
1.370474963188171387e+02,3.000000000000000000e+01,0.000000000000000000e+00,3.572800000000000153e+01,3.044999999999999929e+01,2.300000000000000000e+01,2.300000000000000000e+01
1.380480928421020508e+02,3.000000000000000000e+01,0.000000000000000000e+00,3.567900000000000205e+01,3.044999999999999929e+01,2.300000000000000000e+01,2.300000000000000000e+01
1.390485055446624756e+02,3.000000000000000000e+01,0.000000000000000000e+00,3.567900000000000205e+01,3.059600000000000009e+01,2.300000000000000000e+01,2.300000000000000000e+01
1.400490612983703613e+02,3.000000000000000000e+01,0.000000000000000000e+00,3.567900000000000205e+01,3.064499999999999957e+01,2.300000000000000000e+01,2.300000000000000000e+01
1.410492172241210938e+02,3.000000000000000000e+01,0.000000000000000000e+00,3.577700000000000102e+01,3.064499999999999957e+01,2.300000000000000000e+01,2.300000000000000000e+01
1.420493054389953613e+02,3.000000000000000000e+01,0.000000000000000000e+00,3.582600000000000051e+01,3.064499999999999957e+01,2.300000000000000000e+01,2.300000000000000000e+01
1.430494074821472168e+02,3.000000000000000000e+01,0.000000000000000000e+00,3.577700000000000102e+01,3.069399999999999906e+01,2.300000000000000000e+01,2.300000000000000000e+01
1.440498723983764648e+02,3.000000000000000000e+01,0.000000000000000000e+00,3.597299999999999898e+01,3.064499999999999957e+01,2.300000000000000000e+01,2.300000000000000000e+01
1.450502860546112061e+02,3.000000000000000000e+01,0.000000000000000000e+00,3.597299999999999898e+01,3.079200000000000159e+01,2.300000000000000000e+01,2.300000000000000000e+01
1.460505268573760986e+02,3.000000000000000000e+01,0.000000000000000000e+00,3.577700000000000102e+01,3.064499999999999957e+01,2.300000000000000000e+01,2.300000000000000000e+01
1.470507857799530029e+02,3.000000000000000000e+01,0.000000000000000000e+00,3.602199999999999847e+01,3.069399999999999906e+01,2.300000000000000000e+01,2.300000000000000000e+01
1.480511555671691895e+02,3.000000000000000000e+01,0.000000000000000000e+00,3.607000000000000028e+01,3.079200000000000159e+01,2.300000000000000000e+01,2.300000000000000000e+01
1.490518054962158203e+02,3.000000000000000000e+01,0.000000000000000000e+00,3.616799999999999926e+01,3.074299999999999855e+01,2.300000000000000000e+01,2.300000000000000000e+01
1.500522112846374512e+02,3.000000000000000000e+01,0.000000000000000000e+00,3.616799999999999926e+01,3.079200000000000159e+01,2.300000000000000000e+01,2.300000000000000000e+01
1.510522997379302979e+02,3.000000000000000000e+01,0.000000000000000000e+00,3.611899999999999977e+01,3.079200000000000159e+01,2.300000000000000000e+01,2.300000000000000000e+01
1.520527098178863525e+02,3.000000000000000000e+01,0.000000000000000000e+00,3.616799999999999926e+01,3.074299999999999855e+01,2.300000000000000000e+01,2.300000000000000000e+01
1.530528836250305176e+02,3.000000000000000000e+01,0.000000000000000000e+00,3.631499999999999773e+01,3.084100000000000108e+01,2.300000000000000000e+01,2.300000000000000000e+01
1.540530343055725098e+02,3.000000000000000000e+01,0.000000000000000000e+00,3.616799999999999926e+01,3.084100000000000108e+01,2.300000000000000000e+01,2.300000000000000000e+01
1.550535778999328613e+02,3.000000000000000000e+01,0.000000000000000000e+00,3.626599999999999824e+01,3.079200000000000159e+01,2.300000000000000000e+01,2.300000000000000000e+01
1.560539050102233887e+02,3.000000000000000000e+01,0.000000000000000000e+00,3.631499999999999773e+01,3.074299999999999855e+01,2.300000000000000000e+01,2.300000000000000000e+01
1.570543649196624756e+02,3.000000000000000000e+01,0.000000000000000000e+00,3.621699999999999875e+01,3.098699999999999832e+01,2.300000000000000000e+01,2.300000000000000000e+01
1.580549473762512207e+02,3.000000000000000000e+01,0.000000000000000000e+00,3.621699999999999875e+01,3.079200000000000159e+01,2.300000000000000000e+01,2.300000000000000000e+01
1.590554926395416260e+02,3.000000000000000000e+01,0.000000000000000000e+00,3.616799999999999926e+01,3.084100000000000108e+01,2.300000000000000000e+01,2.300000000000000000e+01
1.600558722019195557e+02,3.000000000000000000e+01,0.000000000000000000e+00,3.626599999999999824e+01,3.084100000000000108e+01,2.300000000000000000e+01,2.300000000000000000e+01
1.610563457012176514e+02,3.000000000000000000e+01,0.000000000000000000e+00,3.636399999999999721e+01,3.084100000000000108e+01,2.300000000000000000e+01,2.300000000000000000e+01
1.620569329261779785e+02,3.000000000000000000e+01,0.000000000000000000e+00,3.641299999999999670e+01,3.108500000000000085e+01,2.300000000000000000e+01,2.300000000000000000e+01
1.630571210384368896e+02,3.000000000000000000e+01,0.000000000000000000e+00,3.631499999999999773e+01,3.084100000000000108e+01,2.300000000000000000e+01,2.300000000000000000e+01
1.640576813220977783e+02,3.000000000000000000e+01,0.000000000000000000e+00,3.665699999999999648e+01,3.128099999999999881e+01,2.300000000000000000e+01,2.300000000000000000e+01
1.650582556724548340e+02,3.000000000000000000e+01,0.000000000000000000e+00,3.660799999999999699e+01,3.103600000000000136e+01,2.300000000000000000e+01,2.300000000000000000e+01
1.660585165023803711e+02,3.000000000000000000e+01,0.000000000000000000e+00,3.646099999999999852e+01,3.098699999999999832e+01,2.300000000000000000e+01,2.300000000000000000e+01
1.670588774681091309e+02,3.000000000000000000e+01,0.000000000000000000e+00,3.660799999999999699e+01,3.118299999999999983e+01,2.300000000000000000e+01,2.300000000000000000e+01
1.680593161582946777e+02,3.000000000000000000e+01,0.000000000000000000e+00,3.670600000000000307e+01,3.098699999999999832e+01,2.300000000000000000e+01,2.300000000000000000e+01
1.690598852634429932e+02,3.000000000000000000e+01,0.000000000000000000e+00,3.665699999999999648e+01,3.103600000000000136e+01,2.300000000000000000e+01,2.300000000000000000e+01
1.700600848197937012e+02,3.000000000000000000e+01,0.000000000000000000e+00,3.665699999999999648e+01,3.118299999999999983e+01,2.300000000000000000e+01,2.300000000000000000e+01
1.710604362487792969e+02,3.000000000000000000e+01,0.000000000000000000e+00,3.660799999999999699e+01,3.123199999999999932e+01,2.300000000000000000e+01,2.300000000000000000e+01
1.720604782104492188e+02,3.000000000000000000e+01,0.000000000000000000e+00,3.660799999999999699e+01,3.113400000000000034e+01,2.300000000000000000e+01,2.300000000000000000e+01
1.730609722137451172e+02,3.000000000000000000e+01,0.000000000000000000e+00,3.665699999999999648e+01,3.118299999999999983e+01,2.300000000000000000e+01,2.300000000000000000e+01
1.740613031387329102e+02,3.000000000000000000e+01,0.000000000000000000e+00,3.665699999999999648e+01,3.128099999999999881e+01,2.300000000000000000e+01,2.300000000000000000e+01
1.750615358352661133e+02,3.000000000000000000e+01,0.000000000000000000e+00,3.665699999999999648e+01,3.118299999999999983e+01,2.300000000000000000e+01,2.300000000000000000e+01
1.760617532730102539e+02,3.000000000000000000e+01,0.000000000000000000e+00,3.665699999999999648e+01,3.113400000000000034e+01,2.300000000000000000e+01,2.300000000000000000e+01
1.770618596076965332e+02,3.000000000000000000e+01,0.000000000000000000e+00,3.670600000000000307e+01,3.118299999999999983e+01,2.300000000000000000e+01,2.300000000000000000e+01
1.780623111724853516e+02,3.000000000000000000e+01,0.000000000000000000e+00,3.670600000000000307e+01,3.132900000000000063e+01,2.300000000000000000e+01,2.300000000000000000e+01
1.790628623962402344e+02,3.000000000000000000e+01,0.000000000000000000e+00,3.670600000000000307e+01,3.132900000000000063e+01,2.300000000000000000e+01,2.300000000000000000e+01
1.800630891323089600e+02,3.000000000000000000e+01,0.000000000000000000e+00,3.675500000000000256e+01,3.137800000000000011e+01,2.300000000000000000e+01,2.300000000000000000e+01
1.810635533332824707e+02,3.000000000000000000e+01,0.000000000000000000e+00,3.680400000000000205e+01,3.123199999999999932e+01,2.300000000000000000e+01,2.300000000000000000e+01
1.820636954307556152e+02,3.000000000000000000e+01,0.000000000000000000e+00,3.675500000000000256e+01,3.132900000000000063e+01,2.300000000000000000e+01,2.300000000000000000e+01
1.830642652511596680e+02,3.000000000000000000e+01,0.000000000000000000e+00,3.675500000000000256e+01,3.137800000000000011e+01,2.300000000000000000e+01,2.300000000000000000e+01
1.840644214153289795e+02,3.000000000000000000e+01,0.000000000000000000e+00,3.685199999999999676e+01,3.128099999999999881e+01,2.300000000000000000e+01,2.300000000000000000e+01
1.850649318695068359e+02,3.000000000000000000e+01,0.000000000000000000e+00,3.680400000000000205e+01,3.137800000000000011e+01,2.300000000000000000e+01,2.300000000000000000e+01
1.860650351047515869e+02,3.000000000000000000e+01,0.000000000000000000e+00,3.680400000000000205e+01,3.128099999999999881e+01,2.300000000000000000e+01,2.300000000000000000e+01
1.870651378631591797e+02,3.000000000000000000e+01,0.000000000000000000e+00,3.680400000000000205e+01,3.132900000000000063e+01,2.300000000000000000e+01,2.300000000000000000e+01
1.880653045177459717e+02,3.000000000000000000e+01,0.000000000000000000e+00,3.690100000000000335e+01,3.147599999999999909e+01,2.300000000000000000e+01,2.300000000000000000e+01
1.890657961368560791e+02,3.000000000000000000e+01,0.000000000000000000e+00,3.690100000000000335e+01,3.147599999999999909e+01,2.300000000000000000e+01,2.300000000000000000e+01
1.900663928985595703e+02,3.000000000000000000e+01,0.000000000000000000e+00,3.680400000000000205e+01,3.167200000000000060e+01,2.300000000000000000e+01,2.300000000000000000e+01
1.910665824413299561e+02,3.000000000000000000e+01,0.000000000000000000e+00,3.690100000000000335e+01,3.162300000000000111e+01,2.300000000000000000e+01,2.300000000000000000e+01
1.920667922496795654e+02,3.000000000000000000e+01,0.000000000000000000e+00,3.680400000000000205e+01,3.157400000000000162e+01,2.300000000000000000e+01,2.300000000000000000e+01
1.930670182704925537e+02,3.000000000000000000e+01,0.000000000000000000e+00,3.699900000000000233e+01,3.167200000000000060e+01,2.300000000000000000e+01,2.300000000000000000e+01
1.940674695968627930e+02,3.000000000000000000e+01,0.000000000000000000e+00,3.709700000000000131e+01,3.157400000000000162e+01,2.300000000000000000e+01,2.300000000000000000e+01
1.950676560401916504e+02,3.000000000000000000e+01,0.000000000000000000e+00,3.699900000000000233e+01,3.171999999999999886e+01,2.300000000000000000e+01,2.300000000000000000e+01
1.960679581165313721e+02,3.000000000000000000e+01,0.000000000000000000e+00,3.695000000000000284e+01,3.167200000000000060e+01,2.300000000000000000e+01,2.300000000000000000e+01
1.970681331157684326e+02,3.000000000000000000e+01,0.000000000000000000e+00,3.699900000000000233e+01,3.171999999999999886e+01,2.300000000000000000e+01,2.300000000000000000e+01
1.980685079097747803e+02,3.000000000000000000e+01,0.000000000000000000e+00,3.709700000000000131e+01,3.176899999999999835e+01,2.300000000000000000e+01,2.300000000000000000e+01
1.990686826705932617e+02,3.000000000000000000e+01,0.000000000000000000e+00,3.699900000000000233e+01,3.186700000000000088e+01,2.300000000000000000e+01,2.300000000000000000e+01
2.000688016414642334e+02,3.000000000000000000e+01,0.000000000000000000e+00,3.719500000000000028e+01,3.167200000000000060e+01,2.300000000000000000e+01,2.300000000000000000e+01
2.010693097114562988e+02,3.000000000000000000e+01,0.000000000000000000e+00,3.724300000000000210e+01,3.176899999999999835e+01,2.300000000000000000e+01,2.300000000000000000e+01
2.020694320201873779e+02,3.000000000000000000e+01,0.000000000000000000e+00,3.714600000000000080e+01,3.176899999999999835e+01,2.300000000000000000e+01,2.300000000000000000e+01
2.030696249008178711e+02,3.000000000000000000e+01,0.000000000000000000e+00,3.724300000000000210e+01,3.181800000000000139e+01,2.300000000000000000e+01,2.300000000000000000e+01
2.040697100162506104e+02,3.000000000000000000e+01,0.000000000000000000e+00,3.719500000000000028e+01,3.186700000000000088e+01,2.300000000000000000e+01,2.300000000000000000e+01
2.050699853897094727e+02,3.000000000000000000e+01,0.000000000000000000e+00,3.714600000000000080e+01,3.181800000000000139e+01,2.300000000000000000e+01,2.300000000000000000e+01
2.060701506137847900e+02,3.000000000000000000e+01,0.000000000000000000e+00,3.719500000000000028e+01,3.171999999999999886e+01,2.300000000000000000e+01,2.300000000000000000e+01
2.070702478885650635e+02,3.000000000000000000e+01,0.000000000000000000e+00,3.724300000000000210e+01,3.186700000000000088e+01,2.300000000000000000e+01,2.300000000000000000e+01
2.080707430839538574e+02,3.000000000000000000e+01,0.000000000000000000e+00,3.724300000000000210e+01,3.176899999999999835e+01,2.300000000000000000e+01,2.300000000000000000e+01
2.090709550380706787e+02,3.000000000000000000e+01,0.000000000000000000e+00,3.729200000000000159e+01,3.176899999999999835e+01,2.300000000000000000e+01,2.300000000000000000e+01
2.100711133480072021e+02,3.000000000000000000e+01,0.000000000000000000e+00,3.739000000000000057e+01,3.186700000000000088e+01,2.300000000000000000e+01,2.300000000000000000e+01
2.110712149143218994e+02,3.000000000000000000e+01,0.000000000000000000e+00,3.729200000000000159e+01,3.181800000000000139e+01,2.300000000000000000e+01,2.300000000000000000e+01
2.120713949203491211e+02,3.000000000000000000e+01,0.000000000000000000e+00,3.748799999999999955e+01,3.186700000000000088e+01,2.300000000000000000e+01,2.300000000000000000e+01
2.130718605518341064e+02,3.000000000000000000e+01,0.000000000000000000e+00,3.743900000000000006e+01,3.186700000000000088e+01,2.300000000000000000e+01,2.300000000000000000e+01
2.140719857215881348e+02,3.000000000000000000e+01,0.000000000000000000e+00,3.739000000000000057e+01,3.181800000000000139e+01,2.300000000000000000e+01,2.300000000000000000e+01
2.150721313953399658e+02,3.000000000000000000e+01,0.000000000000000000e+00,3.768299999999999983e+01,3.215999999999999659e+01,2.300000000000000000e+01,2.300000000000000000e+01
2.160725426673889160e+02,3.000000000000000000e+01,0.000000000000000000e+00,3.743900000000000006e+01,3.196499999999999986e+01,2.300000000000000000e+01,2.300000000000000000e+01
2.170726318359375000e+02,3.000000000000000000e+01,0.000000000000000000e+00,3.743900000000000006e+01,3.201400000000000290e+01,2.300000000000000000e+01,2.300000000000000000e+01
2.180730020999908447e+02,3.000000000000000000e+01,0.000000000000000000e+00,3.758599999999999852e+01,3.196499999999999986e+01,2.300000000000000000e+01,2.300000000000000000e+01
2.190730996131896973e+02,3.000000000000000000e+01,0.000000000000000000e+00,3.748799999999999955e+01,3.201400000000000290e+01,2.300000000000000000e+01,2.300000000000000000e+01
2.200734364986419678e+02,3.000000000000000000e+01,0.000000000000000000e+00,3.753699999999999903e+01,3.201400000000000290e+01,2.300000000000000000e+01,2.300000000000000000e+01
2.210739152431488037e+02,3.000000000000000000e+01,0.000000000000000000e+00,3.748799999999999955e+01,3.220900000000000318e+01,2.300000000000000000e+01,2.300000000000000000e+01
2.220740067958831787e+02,3.000000000000000000e+01,0.000000000000000000e+00,3.753699999999999903e+01,3.201400000000000290e+01,2.300000000000000000e+01,2.300000000000000000e+01
2.230742418766021729e+02,3.000000000000000000e+01,0.000000000000000000e+00,3.753699999999999903e+01,3.225800000000000267e+01,2.300000000000000000e+01,2.300000000000000000e+01
2.240748860836029053e+02,3.000000000000000000e+01,0.000000000000000000e+00,3.753699999999999903e+01,3.225800000000000267e+01,2.300000000000000000e+01,2.300000000000000000e+01
2.250752158164978027e+02,3.000000000000000000e+01,0.000000000000000000e+00,3.758599999999999852e+01,3.211099999999999710e+01,2.300000000000000000e+01,2.300000000000000000e+01
2.260755631923675537e+02,3.000000000000000000e+01,0.000000000000000000e+00,3.753699999999999903e+01,3.220900000000000318e+01,2.300000000000000000e+01,2.300000000000000000e+01
2.270757937431335449e+02,3.000000000000000000e+01,0.000000000000000000e+00,3.743900000000000006e+01,3.220900000000000318e+01,2.300000000000000000e+01,2.300000000000000000e+01
2.280761351585388184e+02,3.000000000000000000e+01,0.000000000000000000e+00,3.753699999999999903e+01,3.225800000000000267e+01,2.300000000000000000e+01,2.300000000000000000e+01
2.290766613483428955e+02,3.000000000000000000e+01,0.000000000000000000e+00,3.768299999999999983e+01,3.211099999999999710e+01,2.300000000000000000e+01,2.300000000000000000e+01
2.300768740177154541e+02,3.000000000000000000e+01,0.000000000000000000e+00,3.768299999999999983e+01,3.220900000000000318e+01,2.300000000000000000e+01,2.300000000000000000e+01
2.310772395133972168e+02,3.000000000000000000e+01,0.000000000000000000e+00,3.763400000000000034e+01,3.235600000000000165e+01,2.300000000000000000e+01,2.300000000000000000e+01
2.320773501396179199e+02,3.000000000000000000e+01,0.000000000000000000e+00,3.763400000000000034e+01,3.230700000000000216e+01,2.300000000000000000e+01,2.300000000000000000e+01
2.330780279636383057e+02,3.000000000000000000e+01,0.000000000000000000e+00,3.773199999999999932e+01,3.230700000000000216e+01,2.300000000000000000e+01,2.300000000000000000e+01
2.340782289505004883e+02,3.000000000000000000e+01,0.000000000000000000e+00,3.763400000000000034e+01,3.235600000000000165e+01,2.300000000000000000e+01,2.300000000000000000e+01
2.350789041519165039e+02,3.000000000000000000e+01,0.000000000000000000e+00,3.763400000000000034e+01,3.230700000000000216e+01,2.300000000000000000e+01,2.300000000000000000e+01
2.360793766975402832e+02,3.000000000000000000e+01,0.000000000000000000e+00,3.778099999999999881e+01,3.235600000000000165e+01,2.300000000000000000e+01,2.300000000000000000e+01
2.370801372528076172e+02,3.000000000000000000e+01,0.000000000000000000e+00,3.763400000000000034e+01,3.225800000000000267e+01,2.300000000000000000e+01,2.300000000000000000e+01
2.380805859565734863e+02,3.000000000000000000e+01,0.000000000000000000e+00,3.773199999999999932e+01,3.220900000000000318e+01,2.300000000000000000e+01,2.300000000000000000e+01
2.390806641578674316e+02,3.000000000000000000e+01,0.000000000000000000e+00,3.763400000000000034e+01,3.230700000000000216e+01,2.300000000000000000e+01,2.300000000000000000e+01
2.400808591842651367e+02,3.000000000000000000e+01,0.000000000000000000e+00,3.768299999999999983e+01,3.225800000000000267e+01,2.300000000000000000e+01,2.300000000000000000e+01
2.410811057090759277e+02,3.000000000000000000e+01,0.000000000000000000e+00,3.773199999999999932e+01,3.230700000000000216e+01,2.300000000000000000e+01,2.300000000000000000e+01
2.420813221931457520e+02,3.000000000000000000e+01,0.000000000000000000e+00,3.787899999999999778e+01,3.230700000000000216e+01,2.300000000000000000e+01,2.300000000000000000e+01
2.430814454555511475e+02,3.000000000000000000e+01,0.000000000000000000e+00,3.778099999999999881e+01,3.225800000000000267e+01,2.300000000000000000e+01,2.300000000000000000e+01
2.440817711353302002e+02,3.000000000000000000e+01,0.000000000000000000e+00,3.792799999999999727e+01,3.240500000000000114e+01,2.300000000000000000e+01,2.300000000000000000e+01
2.450818896293640137e+02,3.000000000000000000e+01,0.000000000000000000e+00,3.768299999999999983e+01,3.220900000000000318e+01,2.300000000000000000e+01,2.300000000000000000e+01
2.460819637775421143e+02,3.000000000000000000e+01,0.000000000000000000e+00,3.787899999999999778e+01,3.230700000000000216e+01,2.300000000000000000e+01,2.300000000000000000e+01
2.470820560455322266e+02,3.000000000000000000e+01,0.000000000000000000e+00,3.792799999999999727e+01,3.225800000000000267e+01,2.300000000000000000e+01,2.300000000000000000e+01
2.480825798511505127e+02,3.000000000000000000e+01,0.000000000000000000e+00,3.797699999999999676e+01,3.230700000000000216e+01,2.300000000000000000e+01,2.300000000000000000e+01
2.490827167034149170e+02,3.000000000000000000e+01,0.000000000000000000e+00,3.812299999999999756e+01,3.230700000000000216e+01,2.300000000000000000e+01,2.300000000000000000e+01
2.500829937458038330e+02,3.000000000000000000e+01,0.000000000000000000e+00,3.802499999999999858e+01,3.230700000000000216e+01,2.300000000000000000e+01,2.300000000000000000e+01
2.510831201076507568e+02,3.000000000000000000e+01,0.000000000000000000e+00,3.802499999999999858e+01,3.230700000000000216e+01,2.300000000000000000e+01,2.300000000000000000e+01
2.520832326412200928e+02,3.000000000000000000e+01,0.000000000000000000e+00,3.802499999999999858e+01,3.240500000000000114e+01,2.300000000000000000e+01,2.300000000000000000e+01
2.530833282470703125e+02,3.000000000000000000e+01,0.000000000000000000e+00,3.807399999999999807e+01,3.230700000000000216e+01,2.300000000000000000e+01,2.300000000000000000e+01
2.540834240913391113e+02,3.000000000000000000e+01,0.000000000000000000e+00,3.817199999999999704e+01,3.245400000000000063e+01,2.300000000000000000e+01,2.300000000000000000e+01
2.550837838649749756e+02,3.000000000000000000e+01,0.000000000000000000e+00,3.802499999999999858e+01,3.230700000000000216e+01,2.300000000000000000e+01,2.300000000000000000e+01
2.560839407444000244e+02,3.000000000000000000e+01,0.000000000000000000e+00,3.812299999999999756e+01,3.245400000000000063e+01,2.300000000000000000e+01,2.300000000000000000e+01
2.570845282077789307e+02,3.000000000000000000e+01,0.000000000000000000e+00,3.807399999999999807e+01,3.245400000000000063e+01,2.300000000000000000e+01,2.300000000000000000e+01
2.580846185684204102e+02,3.000000000000000000e+01,0.000000000000000000e+00,3.812299999999999756e+01,3.260000000000000142e+01,2.300000000000000000e+01,2.300000000000000000e+01
2.590847928524017334e+02,3.000000000000000000e+01,0.000000000000000000e+00,3.817199999999999704e+01,3.245400000000000063e+01,2.300000000000000000e+01,2.300000000000000000e+01
2.600848796367645264e+02,3.000000000000000000e+01,0.000000000000000000e+00,3.807399999999999807e+01,3.250200000000000244e+01,2.300000000000000000e+01,2.300000000000000000e+01
2.610850057601928711e+02,3.000000000000000000e+01,0.000000000000000000e+00,3.812299999999999756e+01,3.250200000000000244e+01,2.300000000000000000e+01,2.300000000000000000e+01
2.620850903987884521e+02,3.000000000000000000e+01,0.000000000000000000e+00,3.812299999999999756e+01,3.260000000000000142e+01,2.300000000000000000e+01,2.300000000000000000e+01
2.630855529308319092e+02,3.000000000000000000e+01,0.000000000000000000e+00,3.822099999999999653e+01,3.245400000000000063e+01,2.300000000000000000e+01,2.300000000000000000e+01
2.640859215259552002e+02,3.000000000000000000e+01,0.000000000000000000e+00,3.812299999999999756e+01,3.255100000000000193e+01,2.300000000000000000e+01,2.300000000000000000e+01
2.650860137939453125e+02,3.000000000000000000e+01,0.000000000000000000e+00,3.817199999999999704e+01,3.250200000000000244e+01,2.300000000000000000e+01,2.300000000000000000e+01
2.660861341953277588e+02,3.000000000000000000e+01,0.000000000000000000e+00,3.817199999999999704e+01,3.260000000000000142e+01,2.300000000000000000e+01,2.300000000000000000e+01
2.670863678455352783e+02,3.000000000000000000e+01,0.000000000000000000e+00,3.812299999999999756e+01,3.264900000000000091e+01,2.300000000000000000e+01,2.300000000000000000e+01
2.680864722728729248e+02,3.000000000000000000e+01,0.000000000000000000e+00,3.812299999999999756e+01,3.260000000000000142e+01,2.300000000000000000e+01,2.300000000000000000e+01
2.690865352153778076e+02,3.000000000000000000e+01,0.000000000000000000e+00,3.807399999999999807e+01,3.269800000000000040e+01,2.300000000000000000e+01,2.300000000000000000e+01
2.700870666503906250e+02,3.000000000000000000e+01,0.000000000000000000e+00,3.817199999999999704e+01,3.255100000000000193e+01,2.300000000000000000e+01,2.300000000000000000e+01
2.710871613025665283e+02,3.000000000000000000e+01,0.000000000000000000e+00,3.817199999999999704e+01,3.260000000000000142e+01,2.300000000000000000e+01,2.300000000000000000e+01
2.720872728824615479e+02,3.000000000000000000e+01,0.000000000000000000e+00,3.812299999999999756e+01,3.269800000000000040e+01,2.300000000000000000e+01,2.300000000000000000e+01
2.730878257751464844e+02,3.000000000000000000e+01,0.000000000000000000e+00,3.836800000000000210e+01,3.279599999999999937e+01,2.300000000000000000e+01,2.300000000000000000e+01
2.740885272026062012e+02,3.000000000000000000e+01,0.000000000000000000e+00,3.822099999999999653e+01,3.274699999999999989e+01,2.300000000000000000e+01,2.300000000000000000e+01
2.750889098644256592e+02,3.000000000000000000e+01,0.000000000000000000e+00,3.822099999999999653e+01,3.264900000000000091e+01,2.300000000000000000e+01,2.300000000000000000e+01
2.760892491340637207e+02,3.000000000000000000e+01,0.000000000000000000e+00,3.841599999999999682e+01,3.274699999999999989e+01,2.300000000000000000e+01,2.300000000000000000e+01
2.770893311500549316e+02,3.000000000000000000e+01,0.000000000000000000e+00,3.836800000000000210e+01,3.274699999999999989e+01,2.300000000000000000e+01,2.300000000000000000e+01
2.780895349979400635e+02,3.000000000000000000e+01,0.000000000000000000e+00,3.827000000000000313e+01,3.284499999999999886e+01,2.300000000000000000e+01,2.300000000000000000e+01
2.790897367000579834e+02,3.000000000000000000e+01,0.000000000000000000e+00,3.836800000000000210e+01,3.274699999999999989e+01,2.300000000000000000e+01,2.300000000000000000e+01
2.800902936458587646e+02,3.000000000000000000e+01,0.000000000000000000e+00,3.836800000000000210e+01,3.284499999999999886e+01,2.300000000000000000e+01,2.300000000000000000e+01
2.810907471179962158e+02,3.000000000000000000e+01,0.000000000000000000e+00,3.836800000000000210e+01,3.279599999999999937e+01,2.300000000000000000e+01,2.300000000000000000e+01
2.820908572673797607e+02,3.000000000000000000e+01,0.000000000000000000e+00,3.846500000000000341e+01,3.269800000000000040e+01,2.300000000000000000e+01,2.300000000000000000e+01
2.830909457206726074e+02,3.000000000000000000e+01,0.000000000000000000e+00,3.836800000000000210e+01,3.274699999999999989e+01,2.300000000000000000e+01,2.300000000000000000e+01
2.840911157131195068e+02,3.000000000000000000e+01,0.000000000000000000e+00,3.846500000000000341e+01,3.274699999999999989e+01,2.300000000000000000e+01,2.300000000000000000e+01
2.850915708541870117e+02,3.000000000000000000e+01,0.000000000000000000e+00,3.856300000000000239e+01,3.274699999999999989e+01,2.300000000000000000e+01,2.300000000000000000e+01
2.860922369956970215e+02,3.000000000000000000e+01,0.000000000000000000e+00,3.846500000000000341e+01,3.274699999999999989e+01,2.300000000000000000e+01,2.300000000000000000e+01
2.870930223464965820e+02,3.000000000000000000e+01,0.000000000000000000e+00,3.851400000000000290e+01,3.264900000000000091e+01,2.300000000000000000e+01,2.300000000000000000e+01
2.880930786132812500e+02,3.000000000000000000e+01,0.000000000000000000e+00,3.841599999999999682e+01,3.284499999999999886e+01,2.300000000000000000e+01,2.300000000000000000e+01
2.890937435626983643e+02,3.000000000000000000e+01,0.000000000000000000e+00,3.851400000000000290e+01,3.274699999999999989e+01,2.300000000000000000e+01,2.300000000000000000e+01
2.900943348407745361e+02,3.000000000000000000e+01,0.000000000000000000e+00,3.846500000000000341e+01,3.274699999999999989e+01,2.300000000000000000e+01,2.300000000000000000e+01
2.910946700572967529e+02,3.000000000000000000e+01,0.000000000000000000e+00,3.851400000000000290e+01,3.284499999999999886e+01,2.300000000000000000e+01,2.300000000000000000e+01
2.920949637889862061e+02,3.000000000000000000e+01,0.000000000000000000e+00,3.861200000000000188e+01,3.279599999999999937e+01,2.300000000000000000e+01,2.300000000000000000e+01
2.930954294204711914e+02,3.000000000000000000e+01,0.000000000000000000e+00,3.846500000000000341e+01,3.274699999999999989e+01,2.300000000000000000e+01,2.300000000000000000e+01
2.940956146717071533e+02,3.000000000000000000e+01,0.000000000000000000e+00,3.861200000000000188e+01,3.279599999999999937e+01,2.300000000000000000e+01,2.300000000000000000e+01
2.950960674285888672e+02,3.000000000000000000e+01,0.000000000000000000e+00,3.861200000000000188e+01,3.274699999999999989e+01,2.300000000000000000e+01,2.300000000000000000e+01
2.960964007377624512e+02,3.000000000000000000e+01,0.000000000000000000e+00,3.856300000000000239e+01,3.289300000000000068e+01,2.300000000000000000e+01,2.300000000000000000e+01
2.970965507030487061e+02,3.000000000000000000e+01,0.000000000000000000e+00,3.846500000000000341e+01,3.269800000000000040e+01,2.300000000000000000e+01,2.300000000000000000e+01
2.980967321395874023e+02,3.000000000000000000e+01,0.000000000000000000e+00,3.861200000000000188e+01,3.279599999999999937e+01,2.300000000000000000e+01,2.300000000000000000e+01
2.990968794822692871e+02,3.000000000000000000e+01,0.000000000000000000e+00,3.861200000000000188e+01,3.284499999999999886e+01,2.300000000000000000e+01,2.300000000000000000e+01
3.000971066951751709e+02,3.000000000000000000e+01,0.000000000000000000e+00,3.866100000000000136e+01,3.284499999999999886e+01,2.300000000000000000e+01,2.300000000000000000e+01
3.010977950096130371e+02,3.000000000000000000e+01,0.000000000000000000e+00,3.856300000000000239e+01,3.299099999999999966e+01,2.300000000000000000e+01,2.300000000000000000e+01
3.020984315872192383e+02,3.000000000000000000e+01,0.000000000000000000e+00,3.866100000000000136e+01,3.289300000000000068e+01,2.300000000000000000e+01,2.300000000000000000e+01
3.030988745689392090e+02,3.000000000000000000e+01,0.000000000000000000e+00,3.861200000000000188e+01,3.289300000000000068e+01,2.300000000000000000e+01,2.300000000000000000e+01
3.040993285179138184e+02,3.000000000000000000e+01,0.000000000000000000e+00,3.861200000000000188e+01,3.289300000000000068e+01,2.300000000000000000e+01,2.300000000000000000e+01
3.050997436046600342e+02,3.000000000000000000e+01,0.000000000000000000e+00,3.861200000000000188e+01,3.294200000000000017e+01,2.300000000000000000e+01,2.300000000000000000e+01
3.061002144813537598e+02,3.000000000000000000e+01,0.000000000000000000e+00,3.866100000000000136e+01,3.279599999999999937e+01,2.300000000000000000e+01,2.300000000000000000e+01
3.071004819869995117e+02,3.000000000000000000e+01,0.000000000000000000e+00,3.861200000000000188e+01,3.284499999999999886e+01,2.300000000000000000e+01,2.300000000000000000e+01
3.081008994579315186e+02,3.000000000000000000e+01,0.000000000000000000e+00,3.861200000000000188e+01,3.279599999999999937e+01,2.300000000000000000e+01,2.300000000000000000e+01
3.091013975143432617e+02,3.000000000000000000e+01,0.000000000000000000e+00,3.866100000000000136e+01,3.289300000000000068e+01,2.300000000000000000e+01,2.300000000000000000e+01
3.101016516685485840e+02,3.000000000000000000e+01,0.000000000000000000e+00,3.866100000000000136e+01,3.299099999999999966e+01,2.300000000000000000e+01,2.300000000000000000e+01
3.111018354892730713e+02,3.000000000000000000e+01,0.000000000000000000e+00,3.866100000000000136e+01,3.308899999999999864e+01,2.300000000000000000e+01,2.300000000000000000e+01
3.121021811962127686e+02,3.000000000000000000e+01,0.000000000000000000e+00,3.866100000000000136e+01,3.313799999999999812e+01,2.300000000000000000e+01,2.300000000000000000e+01
3.131026430130004883e+02,3.000000000000000000e+01,0.000000000000000000e+00,3.861200000000000188e+01,3.308899999999999864e+01,2.300000000000000000e+01,2.300000000000000000e+01
3.141027688980102539e+02,3.000000000000000000e+01,0.000000000000000000e+00,3.871000000000000085e+01,3.303999999999999915e+01,2.300000000000000000e+01,2.300000000000000000e+01
3.151029536724090576e+02,3.000000000000000000e+01,0.000000000000000000e+00,3.871000000000000085e+01,3.313799999999999812e+01,2.300000000000000000e+01,2.300000000000000000e+01
3.161034779548645020e+02,3.000000000000000000e+01,0.000000000000000000e+00,3.880700000000000216e+01,3.313799999999999812e+01,2.300000000000000000e+01,2.300000000000000000e+01
3.171035768985748291e+02,3.000000000000000000e+01,0.000000000000000000e+00,3.866100000000000136e+01,3.308899999999999864e+01,2.300000000000000000e+01,2.300000000000000000e+01
3.181040074825286865e+02,3.000000000000000000e+01,0.000000000000000000e+00,3.885600000000000165e+01,3.318699999999999761e+01,2.300000000000000000e+01,2.300000000000000000e+01
3.191047036647796631e+02,3.000000000000000000e+01,0.000000000000000000e+00,3.890500000000000114e+01,3.323599999999999710e+01,2.300000000000000000e+01,2.300000000000000000e+01
3.201049413681030273e+02,3.000000000000000000e+01,0.000000000000000000e+00,3.880700000000000216e+01,3.318699999999999761e+01,2.300000000000000000e+01,2.300000000000000000e+01
3.211051859855651855e+02,3.000000000000000000e+01,0.000000000000000000e+00,3.895400000000000063e+01,3.318699999999999761e+01,2.300000000000000000e+01,2.300000000000000000e+01
3.221052849292755127e+02,3.000000000000000000e+01,0.000000000000000000e+00,3.890500000000000114e+01,3.313799999999999812e+01,2.300000000000000000e+01,2.300000000000000000e+01
3.231058821678161621e+02,3.000000000000000000e+01,0.000000000000000000e+00,3.885600000000000165e+01,3.318699999999999761e+01,2.300000000000000000e+01,2.300000000000000000e+01
3.241060431003570557e+02,3.000000000000000000e+01,0.000000000000000000e+00,3.885600000000000165e+01,3.328399999999999892e+01,2.300000000000000000e+01,2.300000000000000000e+01
3.251062822341918945e+02,3.000000000000000000e+01,0.000000000000000000e+00,3.900300000000000011e+01,3.328399999999999892e+01,2.300000000000000000e+01,2.300000000000000000e+01
3.261065330505371094e+02,3.000000000000000000e+01,0.000000000000000000e+00,3.905199999999999960e+01,3.323599999999999710e+01,2.300000000000000000e+01,2.300000000000000000e+01
3.271067128181457520e+02,3.000000000000000000e+01,0.000000000000000000e+00,3.890500000000000114e+01,3.323599999999999710e+01,2.300000000000000000e+01,2.300000000000000000e+01
3.281068677902221680e+02,3.000000000000000000e+01,0.000000000000000000e+00,3.905199999999999960e+01,3.328399999999999892e+01,2.300000000000000000e+01,2.300000000000000000e+01
3.291072533130645752e+02,3.000000000000000000e+01,0.000000000000000000e+00,3.910099999999999909e+01,3.323599999999999710e+01,2.300000000000000000e+01,2.300000000000000000e+01
3.301078543663024902e+02,3.000000000000000000e+01,0.000000000000000000e+00,3.900300000000000011e+01,3.313799999999999812e+01,2.300000000000000000e+01,2.300000000000000000e+01
3.311080720424652100e+02,3.000000000000000000e+01,0.000000000000000000e+00,3.910099999999999909e+01,3.323599999999999710e+01,2.300000000000000000e+01,2.300000000000000000e+01
3.321084027290344238e+02,3.000000000000000000e+01,0.000000000000000000e+00,3.900300000000000011e+01,3.323599999999999710e+01,2.300000000000000000e+01,2.300000000000000000e+01
3.331089639663696289e+02,3.000000000000000000e+01,0.000000000000000000e+00,3.910099999999999909e+01,3.318699999999999761e+01,2.300000000000000000e+01,2.300000000000000000e+01
3.341092312335968018e+02,3.000000000000000000e+01,0.000000000000000000e+00,3.905199999999999960e+01,3.323599999999999710e+01,2.300000000000000000e+01,2.300000000000000000e+01
3.351093020439147949e+02,3.000000000000000000e+01,0.000000000000000000e+00,3.910099999999999909e+01,3.328399999999999892e+01,2.300000000000000000e+01,2.300000000000000000e+01
3.361097276210784912e+02,3.000000000000000000e+01,0.000000000000000000e+00,3.905199999999999960e+01,3.328399999999999892e+01,2.300000000000000000e+01,2.300000000000000000e+01
3.371098713874816895e+02,3.000000000000000000e+01,0.000000000000000000e+00,3.910099999999999909e+01,3.318699999999999761e+01,2.300000000000000000e+01,2.300000000000000000e+01
3.381100382804870605e+02,3.000000000000000000e+01,0.000000000000000000e+00,3.910099999999999909e+01,3.328399999999999892e+01,2.300000000000000000e+01,2.300000000000000000e+01
3.391105086803436279e+02,3.000000000000000000e+01,0.000000000000000000e+00,3.910099999999999909e+01,3.333299999999999841e+01,2.300000000000000000e+01,2.300000000000000000e+01
3.401108133792877197e+02,3.000000000000000000e+01,0.000000000000000000e+00,3.905199999999999960e+01,3.323599999999999710e+01,2.300000000000000000e+01,2.300000000000000000e+01
3.411111102104187012e+02,3.000000000000000000e+01,0.000000000000000000e+00,3.910099999999999909e+01,3.328399999999999892e+01,2.300000000000000000e+01,2.300000000000000000e+01
3.421114401817321777e+02,3.000000000000000000e+01,0.000000000000000000e+00,3.914999999999999858e+01,3.328399999999999892e+01,2.300000000000000000e+01,2.300000000000000000e+01
3.431117055416107178e+02,3.000000000000000000e+01,0.000000000000000000e+00,3.910099999999999909e+01,3.333299999999999841e+01,2.300000000000000000e+01,2.300000000000000000e+01
3.441118335723876953e+02,3.000000000000000000e+01,0.000000000000000000e+00,3.910099999999999909e+01,3.333299999999999841e+01,2.300000000000000000e+01,2.300000000000000000e+01
3.451123468875885010e+02,3.000000000000000000e+01,0.000000000000000000e+00,3.910099999999999909e+01,3.328399999999999892e+01,2.300000000000000000e+01,2.300000000000000000e+01
3.461129269599914551e+02,3.000000000000000000e+01,0.000000000000000000e+00,3.910099999999999909e+01,3.338199999999999790e+01,2.300000000000000000e+01,2.300000000000000000e+01
3.471135346889495850e+02,3.000000000000000000e+01,0.000000000000000000e+00,3.910099999999999909e+01,3.328399999999999892e+01,2.300000000000000000e+01,2.300000000000000000e+01
3.481136422157287598e+02,3.000000000000000000e+01,0.000000000000000000e+00,3.910099999999999909e+01,3.333299999999999841e+01,2.300000000000000000e+01,2.300000000000000000e+01
3.491137256622314453e+02,3.000000000000000000e+01,0.000000000000000000e+00,3.910099999999999909e+01,3.357800000000000296e+01,2.300000000000000000e+01,2.300000000000000000e+01
3.501138825416564941e+02,3.000000000000000000e+01,0.000000000000000000e+00,3.905199999999999960e+01,3.343099999999999739e+01,2.300000000000000000e+01,2.300000000000000000e+01
3.511140463352203369e+02,3.000000000000000000e+01,0.000000000000000000e+00,3.905199999999999960e+01,3.347999999999999687e+01,2.300000000000000000e+01,2.300000000000000000e+01
3.521143038272857666e+02,3.000000000000000000e+01,0.000000000000000000e+00,3.910099999999999909e+01,3.338199999999999790e+01,2.300000000000000000e+01,2.300000000000000000e+01
3.531147100925445557e+02,3.000000000000000000e+01,0.000000000000000000e+00,3.910099999999999909e+01,3.347999999999999687e+01,2.300000000000000000e+01,2.300000000000000000e+01
3.541151087284088135e+02,3.000000000000000000e+01,0.000000000000000000e+00,3.910099999999999909e+01,3.357800000000000296e+01,2.300000000000000000e+01,2.300000000000000000e+01
3.551156191825866699e+02,3.000000000000000000e+01,0.000000000000000000e+00,3.919800000000000040e+01,3.362700000000000244e+01,2.300000000000000000e+01,2.300000000000000000e+01
3.561161565780639648e+02,3.000000000000000000e+01,0.000000000000000000e+00,3.914999999999999858e+01,3.362700000000000244e+01,2.300000000000000000e+01,2.300000000000000000e+01
3.571166098117828369e+02,3.000000000000000000e+01,0.000000000000000000e+00,3.910099999999999909e+01,3.357800000000000296e+01,2.300000000000000000e+01,2.300000000000000000e+01
3.581169679164886475e+02,3.000000000000000000e+01,0.000000000000000000e+00,3.910099999999999909e+01,3.372399999999999665e+01,2.300000000000000000e+01,2.300000000000000000e+01
3.591174032688140869e+02,3.000000000000000000e+01,0.000000000000000000e+00,3.910099999999999909e+01,3.362700000000000244e+01,2.300000000000000000e+01,2.300000000000000000e+01
3.601176791191101074e+02,3.000000000000000000e+01,0.000000000000000000e+00,3.910099999999999909e+01,3.357800000000000296e+01,2.300000000000000000e+01,2.300000000000000000e+01
3.611180553436279297e+02,3.000000000000000000e+01,0.000000000000000000e+00,3.914999999999999858e+01,3.362700000000000244e+01,2.300000000000000000e+01,2.300000000000000000e+01
3.621182329654693604e+02,3.000000000000000000e+01,0.000000000000000000e+00,3.914999999999999858e+01,3.347999999999999687e+01,2.300000000000000000e+01,2.300000000000000000e+01
3.631187834739685059e+02,3.000000000000000000e+01,0.000000000000000000e+00,3.910099999999999909e+01,3.362700000000000244e+01,2.300000000000000000e+01,2.300000000000000000e+01
3.641188781261444092e+02,3.000000000000000000e+01,0.000000000000000000e+00,3.910099999999999909e+01,3.367499999999999716e+01,2.300000000000000000e+01,2.300000000000000000e+01
3.651191327571868896e+02,3.000000000000000000e+01,0.000000000000000000e+00,3.919800000000000040e+01,3.367499999999999716e+01,2.300000000000000000e+01,2.300000000000000000e+01
3.661192126274108887e+02,3.000000000000000000e+01,0.000000000000000000e+00,3.919800000000000040e+01,3.367499999999999716e+01,2.300000000000000000e+01,2.300000000000000000e+01
3.671197760105133057e+02,3.000000000000000000e+01,0.000000000000000000e+00,3.914999999999999858e+01,3.367499999999999716e+01,2.300000000000000000e+01,2.300000000000000000e+01
3.681199967861175537e+02,3.000000000000000000e+01,0.000000000000000000e+00,3.919800000000000040e+01,3.372399999999999665e+01,2.300000000000000000e+01,2.300000000000000000e+01
3.691202945709228516e+02,3.000000000000000000e+01,0.000000000000000000e+00,3.914999999999999858e+01,3.372399999999999665e+01,2.300000000000000000e+01,2.300000000000000000e+01
3.701204245090484619e+02,3.000000000000000000e+01,0.000000000000000000e+00,3.924699999999999989e+01,3.372399999999999665e+01,2.300000000000000000e+01,2.300000000000000000e+01
3.711210739612579346e+02,3.000000000000000000e+01,0.000000000000000000e+00,3.919800000000000040e+01,3.367499999999999716e+01,2.300000000000000000e+01,2.300000000000000000e+01
