Tiempo (s), Cal1 (%), Cal2 (%), Temp1 (°C), Temp2 (°C), Set1 (°C), Set2 (°C)
0.000000000000000000e+00,0.000000000000000000e+00,0.000000000000000000e+00,2.844600000000000151e+01,2.873900000000000077e+01,2.300000000000000000e+01,2.300000000000000000e+01
1.000513315200805664e+00,0.000000000000000000e+00,0.000000000000000000e+00,2.839699999999999847e+01,2.878800000000000026e+01,2.300000000000000000e+01,2.300000000000000000e+01
2.001203060150146484e+00,0.000000000000000000e+00,0.000000000000000000e+00,2.849500000000000099e+01,2.869000000000000128e+01,2.300000000000000000e+01,2.300000000000000000e+01
3.001698732376098633e+00,0.000000000000000000e+00,0.000000000000000000e+00,2.839699999999999847e+01,2.878800000000000026e+01,2.300000000000000000e+01,2.300000000000000000e+01
4.002274513244628906e+00,0.000000000000000000e+00,0.000000000000000000e+00,2.839699999999999847e+01,2.873900000000000077e+01,2.300000000000000000e+01,2.300000000000000000e+01
5.002542018890380859e+00,0.000000000000000000e+00,0.000000000000000000e+00,2.839699999999999847e+01,2.873900000000000077e+01,2.300000000000000000e+01,2.300000000000000000e+01
6.003056049346923828e+00,0.000000000000000000e+00,0.000000000000000000e+00,2.834799999999999898e+01,2.873900000000000077e+01,2.300000000000000000e+01,2.300000000000000000e+01
7.003417491912841797e+00,0.000000000000000000e+00,0.000000000000000000e+00,2.834799999999999898e+01,2.864099999999999824e+01,2.300000000000000000e+01,2.300000000000000000e+01
8.003837585449218750e+00,0.000000000000000000e+00,0.000000000000000000e+00,2.839699999999999847e+01,2.883699999999999974e+01,2.300000000000000000e+01,2.300000000000000000e+01
9.004361391067504883e+00,0.000000000000000000e+00,0.000000000000000000e+00,2.834799999999999898e+01,2.864099999999999824e+01,2.300000000000000000e+01,2.300000000000000000e+01
1.000482010841369629e+01,0.000000000000000000e+00,3.000000000000000000e+01,2.854299999999999926e+01,2.854299999999999926e+01,2.300000000000000000e+01,2.300000000000000000e+01
1.100529384613037109e+01,0.000000000000000000e+00,3.000000000000000000e+01,2.849500000000000099e+01,2.869000000000000128e+01,2.300000000000000000e+01,2.300000000000000000e+01
1.200547480583190918e+01,0.000000000000000000e+00,3.000000000000000000e+01,2.854299999999999926e+01,2.864099999999999824e+01,2.300000000000000000e+01,2.300000000000000000e+01
1.300579023361206055e+01,0.000000000000000000e+00,3.000000000000000000e+01,2.839699999999999847e+01,2.864099999999999824e+01,2.300000000000000000e+01,2.300000000000000000e+01
1.400626635551452637e+01,0.000000000000000000e+00,3.000000000000000000e+01,2.834799999999999898e+01,2.869000000000000128e+01,2.300000000000000000e+01,2.300000000000000000e+01
1.500661659240722656e+01,0.000000000000000000e+00,3.000000000000000000e+01,2.839699999999999847e+01,2.888599999999999923e+01,2.300000000000000000e+01,2.300000000000000000e+01
1.600692391395568848e+01,0.000000000000000000e+00,3.000000000000000000e+01,2.844600000000000151e+01,2.873900000000000077e+01,2.300000000000000000e+01,2.300000000000000000e+01
1.700724482536315918e+01,0.000000000000000000e+00,3.000000000000000000e+01,2.839699999999999847e+01,2.878800000000000026e+01,2.300000000000000000e+01,2.300000000000000000e+01
1.800751924514770508e+01,0.000000000000000000e+00,3.000000000000000000e+01,2.834799999999999898e+01,2.878800000000000026e+01,2.300000000000000000e+01,2.300000000000000000e+01
1.900772643089294434e+01,0.000000000000000000e+00,3.000000000000000000e+01,2.854299999999999926e+01,2.893499999999999872e+01,2.300000000000000000e+01,2.300000000000000000e+01
2.000813913345336914e+01,0.000000000000000000e+00,3.000000000000000000e+01,2.854299999999999926e+01,2.859199999999999875e+01,2.300000000000000000e+01,2.300000000000000000e+01
2.100822877883911133e+01,0.000000000000000000e+00,3.000000000000000000e+01,2.829899999999999949e+01,2.878800000000000026e+01,2.300000000000000000e+01,2.300000000000000000e+01
2.200877594947814941e+01,0.000000000000000000e+00,3.000000000000000000e+01,2.844600000000000151e+01,2.893499999999999872e+01,2.300000000000000000e+01,2.300000000000000000e+01
2.300913023948669434e+01,0.000000000000000000e+00,3.000000000000000000e+01,2.859199999999999875e+01,2.888599999999999923e+01,2.300000000000000000e+01,2.300000000000000000e+01
2.400926589965820312e+01,0.000000000000000000e+00,3.000000000000000000e+01,2.859199999999999875e+01,2.893499999999999872e+01,2.300000000000000000e+01,2.300000000000000000e+01
2.500989222526550293e+01,0.000000000000000000e+00,3.000000000000000000e+01,2.844600000000000151e+01,2.898300000000000054e+01,2.300000000000000000e+01,2.300000000000000000e+01
2.601032304763793945e+01,0.000000000000000000e+00,3.000000000000000000e+01,2.839699999999999847e+01,2.893499999999999872e+01,2.300000000000000000e+01,2.300000000000000000e+01
2.701076912879943848e+01,0.000000000000000000e+00,3.000000000000000000e+01,2.859199999999999875e+01,2.917899999999999849e+01,2.300000000000000000e+01,2.300000000000000000e+01
2.801097106933593750e+01,0.000000000000000000e+00,3.000000000000000000e+01,2.854299999999999926e+01,2.903200000000000003e+01,2.300000000000000000e+01,2.300000000000000000e+01
2.901161336898803711e+01,0.000000000000000000e+00,3.000000000000000000e+01,2.869000000000000128e+01,2.927700000000000102e+01,2.300000000000000000e+01,2.300000000000000000e+01
3.001217317581176758e+01,0.000000000000000000e+00,3.000000000000000000e+01,2.854299999999999926e+01,2.908099999999999952e+01,2.300000000000000000e+01,2.300000000000000000e+01
3.101222825050354004e+01,0.000000000000000000e+00,3.000000000000000000e+01,2.859199999999999875e+01,2.927700000000000102e+01,2.300000000000000000e+01,2.300000000000000000e+01
3.201283979415893555e+01,0.000000000000000000e+00,3.000000000000000000e+01,2.844600000000000151e+01,2.927700000000000102e+01,2.300000000000000000e+01,2.300000000000000000e+01
3.301294207572937012e+01,0.000000000000000000e+00,3.000000000000000000e+01,2.854299999999999926e+01,2.922800000000000153e+01,2.300000000000000000e+01,2.300000000000000000e+01
3.401350307464599609e+01,0.000000000000000000e+00,3.000000000000000000e+01,2.859199999999999875e+01,2.927700000000000102e+01,2.300000000000000000e+01,2.300000000000000000e+01
3.501401019096374512e+01,0.000000000000000000e+00,3.000000000000000000e+01,2.849500000000000099e+01,2.932600000000000051e+01,2.300000000000000000e+01,2.300000000000000000e+01
3.601442337036132812e+01,0.000000000000000000e+00,3.000000000000000000e+01,2.869000000000000128e+01,2.952100000000000080e+01,2.300000000000000000e+01,2.300000000000000000e+01
3.701500082015991211e+01,0.000000000000000000e+00,3.000000000000000000e+01,2.873900000000000077e+01,2.942299999999999827e+01,2.300000000000000000e+01,2.300000000000000000e+01
3.801515579223632812e+01,0.000000000000000000e+00,3.000000000000000000e+01,2.873900000000000077e+01,2.947200000000000131e+01,2.300000000000000000e+01,2.300000000000000000e+01
3.901570224761962891e+01,0.000000000000000000e+00,3.000000000000000000e+01,2.873900000000000077e+01,2.952100000000000080e+01,2.300000000000000000e+01,2.300000000000000000e+01
4.001591062545776367e+01,0.000000000000000000e+00,3.000000000000000000e+01,2.878800000000000026e+01,2.971699999999999875e+01,2.300000000000000000e+01,2.300000000000000000e+01
4.101623535156250000e+01,0.000000000000000000e+00,3.000000000000000000e+01,2.873900000000000077e+01,2.961899999999999977e+01,2.300000000000000000e+01,2.300000000000000000e+01
4.201698517799377441e+01,0.000000000000000000e+00,3.000000000000000000e+01,2.883699999999999974e+01,2.976500000000000057e+01,2.300000000000000000e+01,2.300000000000000000e+01
4.301733231544494629e+01,0.000000000000000000e+00,3.000000000000000000e+01,2.883699999999999974e+01,2.986299999999999955e+01,2.300000000000000000e+01,2.300000000000000000e+01
4.401803517341613770e+01,0.000000000000000000e+00,3.000000000000000000e+01,2.873900000000000077e+01,2.981400000000000006e+01,2.300000000000000000e+01,2.300000000000000000e+01
4.501833987236022949e+01,0.000000000000000000e+00,3.000000000000000000e+01,2.883699999999999974e+01,2.991199999999999903e+01,2.300000000000000000e+01,2.300000000000000000e+01
4.601852846145629883e+01,0.000000000000000000e+00,3.000000000000000000e+01,2.878800000000000026e+01,2.981400000000000006e+01,2.300000000000000000e+01,2.300000000000000000e+01
4.701864123344421387e+01,0.000000000000000000e+00,3.000000000000000000e+01,2.893499999999999872e+01,2.996099999999999852e+01,2.300000000000000000e+01,2.300000000000000000e+01
4.801922512054443359e+01,0.000000000000000000e+00,3.000000000000000000e+01,2.878800000000000026e+01,2.991199999999999903e+01,2.300000000000000000e+01,2.300000000000000000e+01
4.901979231834411621e+01,0.000000000000000000e+00,3.000000000000000000e+01,2.898300000000000054e+01,3.005900000000000105e+01,2.300000000000000000e+01,2.300000000000000000e+01
5.002002525329589844e+01,0.000000000000000000e+00,3.000000000000000000e+01,2.898300000000000054e+01,3.025400000000000134e+01,2.300000000000000000e+01,2.300000000000000000e+01
5.102079772949218750e+01,0.000000000000000000e+00,3.000000000000000000e+01,2.888599999999999923e+01,3.025400000000000134e+01,2.300000000000000000e+01,2.300000000000000000e+01
5.202100706100463867e+01,0.000000000000000000e+00,3.000000000000000000e+01,2.888599999999999923e+01,3.030300000000000082e+01,2.300000000000000000e+01,2.300000000000000000e+01
5.302196359634399414e+01,0.000000000000000000e+00,3.000000000000000000e+01,2.893499999999999872e+01,3.025400000000000134e+01,2.300000000000000000e+01,2.300000000000000000e+01
5.402271008491516113e+01,0.000000000000000000e+00,3.000000000000000000e+01,2.883699999999999974e+01,3.030300000000000082e+01,2.300000000000000000e+01,2.300000000000000000e+01
5.502284359931945801e+01,0.000000000000000000e+00,3.000000000000000000e+01,2.883699999999999974e+01,3.040099999999999980e+01,2.300000000000000000e+01,2.300000000000000000e+01
5.602302551269531250e+01,0.000000000000000000e+00,3.000000000000000000e+01,2.883699999999999974e+01,3.044999999999999929e+01,2.300000000000000000e+01,2.300000000000000000e+01
5.702323484420776367e+01,0.000000000000000000e+00,3.000000000000000000e+01,2.898300000000000054e+01,3.054700000000000060e+01,2.300000000000000000e+01,2.300000000000000000e+01
5.802334642410278320e+01,0.000000000000000000e+00,3.000000000000000000e+01,2.903200000000000003e+01,3.064499999999999957e+01,2.300000000000000000e+01,2.300000000000000000e+01
5.902376055717468262e+01,0.000000000000000000e+00,3.000000000000000000e+01,2.893499999999999872e+01,3.064499999999999957e+01,2.300000000000000000e+01,2.300000000000000000e+01
6.002431297302246094e+01,0.000000000000000000e+00,3.000000000000000000e+01,2.917899999999999849e+01,3.069399999999999906e+01,2.300000000000000000e+01,2.300000000000000000e+01
6.102485036849975586e+01,0.000000000000000000e+00,3.000000000000000000e+01,2.908099999999999952e+01,3.079200000000000159e+01,2.300000000000000000e+01,2.300000000000000000e+01
6.202500271797180176e+01,0.000000000000000000e+00,3.000000000000000000e+01,2.898300000000000054e+01,3.079200000000000159e+01,2.300000000000000000e+01,2.300000000000000000e+01
6.302526688575744629e+01,0.000000000000000000e+00,3.000000000000000000e+01,2.908099999999999952e+01,3.074299999999999855e+01,2.300000000000000000e+01,2.300000000000000000e+01
6.402546238899230957e+01,0.000000000000000000e+00,3.000000000000000000e+01,2.912999999999999901e+01,3.089000000000000057e+01,2.300000000000000000e+01,2.300000000000000000e+01
6.502586698532104492e+01,0.000000000000000000e+00,3.000000000000000000e+01,2.917899999999999849e+01,3.108500000000000085e+01,2.300000000000000000e+01,2.300000000000000000e+01
6.602602601051330566e+01,0.000000000000000000e+00,3.000000000000000000e+01,2.917899999999999849e+01,3.118299999999999983e+01,2.300000000000000000e+01,2.300000000000000000e+01
6.702624678611755371e+01,0.000000000000000000e+00,3.000000000000000000e+01,2.932600000000000051e+01,3.132900000000000063e+01,2.300000000000000000e+01,2.300000000000000000e+01
6.802645802497863770e+01,0.000000000000000000e+00,3.000000000000000000e+01,2.917899999999999849e+01,3.108500000000000085e+01,2.300000000000000000e+01,2.300000000000000000e+01
6.902689671516418457e+01,0.000000000000000000e+00,3.000000000000000000e+01,2.932600000000000051e+01,3.132900000000000063e+01,2.300000000000000000e+01,2.300000000000000000e+01
7.002715277671813965e+01,0.000000000000000000e+00,3.000000000000000000e+01,2.927700000000000102e+01,3.128099999999999881e+01,2.300000000000000000e+01,2.300000000000000000e+01
7.102763390541076660e+01,0.000000000000000000e+00,3.000000000000000000e+01,2.932600000000000051e+01,3.137800000000000011e+01,2.300000000000000000e+01,2.300000000000000000e+01
7.202780032157897949e+01,0.000000000000000000e+00,3.000000000000000000e+01,2.937399999999999878e+01,3.157400000000000162e+01,2.300000000000000000e+01,2.300000000000000000e+01
7.302803063392639160e+01,0.000000000000000000e+00,3.000000000000000000e+01,2.937399999999999878e+01,3.152499999999999858e+01,2.300000000000000000e+01,2.300000000000000000e+01
7.402828145027160645e+01,0.000000000000000000e+00,3.000000000000000000e+01,2.932600000000000051e+01,3.137800000000000011e+01,2.300000000000000000e+01,2.300000000000000000e+01
7.502838659286499023e+01,0.000000000000000000e+00,3.000000000000000000e+01,2.947200000000000131e+01,3.176899999999999835e+01,2.300000000000000000e+01,2.300000000000000000e+01
7.602854919433593750e+01,0.000000000000000000e+00,3.000000000000000000e+01,2.937399999999999878e+01,3.147599999999999909e+01,2.300000000000000000e+01,2.300000000000000000e+01
7.702911806106567383e+01,0.000000000000000000e+00,3.000000000000000000e+01,2.927700000000000102e+01,3.162300000000000111e+01,2.300000000000000000e+01,2.300000000000000000e+01
7.802972936630249023e+01,0.000000000000000000e+00,3.000000000000000000e+01,2.937399999999999878e+01,3.186700000000000088e+01,2.300000000000000000e+01,2.300000000000000000e+01
7.903024816513061523e+01,0.000000000000000000e+00,3.000000000000000000e+01,2.952100000000000080e+01,3.181800000000000139e+01,2.300000000000000000e+01,2.300000000000000000e+01
8.003055477142333984e+01,0.000000000000000000e+00,3.000000000000000000e+01,2.947200000000000131e+01,3.181800000000000139e+01,2.300000000000000000e+01,2.300000000000000000e+01
8.103079366683959961e+01,0.000000000000000000e+00,3.000000000000000000e+01,2.961899999999999977e+01,3.186700000000000088e+01,2.300000000000000000e+01,2.300000000000000000e+01
8.203113102912902832e+01,0.000000000000000000e+00,3.000000000000000000e+01,2.942299999999999827e+01,3.191600000000000037e+01,2.300000000000000000e+01,2.300000000000000000e+01
8.303158545494079590e+01,0.000000000000000000e+00,3.000000000000000000e+01,2.957000000000000028e+01,3.186700000000000088e+01,2.300000000000000000e+01,2.300000000000000000e+01
8.403169798851013184e+01,0.000000000000000000e+00,3.000000000000000000e+01,2.942299999999999827e+01,3.211099999999999710e+01,2.300000000000000000e+01,2.300000000000000000e+01
8.503220248222351074e+01,0.000000000000000000e+00,3.000000000000000000e+01,2.952100000000000080e+01,3.220900000000000318e+01,2.300000000000000000e+01,2.300000000000000000e+01
8.603279256820678711e+01,0.000000000000000000e+00,3.000000000000000000e+01,2.981400000000000006e+01,3.215999999999999659e+01,2.300000000000000000e+01,2.300000000000000000e+01
8.703316092491149902e+01,0.000000000000000000e+00,3.000000000000000000e+01,2.966799999999999926e+01,3.220900000000000318e+01,2.300000000000000000e+01,2.300000000000000000e+01
8.803359985351562500e+01,0.000000000000000000e+00,3.000000000000000000e+01,2.966799999999999926e+01,3.211099999999999710e+01,2.300000000000000000e+01,2.300000000000000000e+01
8.903386497497558594e+01,0.000000000000000000e+00,3.000000000000000000e+01,2.971699999999999875e+01,3.215999999999999659e+01,2.300000000000000000e+01,2.300000000000000000e+01
9.003416013717651367e+01,0.000000000000000000e+00,3.000000000000000000e+01,2.981400000000000006e+01,3.230700000000000216e+01,2.300000000000000000e+01,2.300000000000000000e+01
9.103422141075134277e+01,0.000000000000000000e+00,3.000000000000000000e+01,2.981400000000000006e+01,3.230700000000000216e+01,2.300000000000000000e+01,2.300000000000000000e+01
9.203429508209228516e+01,0.000000000000000000e+00,3.000000000000000000e+01,2.986299999999999955e+01,3.245400000000000063e+01,2.300000000000000000e+01,2.300000000000000000e+01
9.303498554229736328e+01,0.000000000000000000e+00,3.000000000000000000e+01,2.976500000000000057e+01,3.235600000000000165e+01,2.300000000000000000e+01,2.300000000000000000e+01
9.403571271896362305e+01,0.000000000000000000e+00,3.000000000000000000e+01,2.981400000000000006e+01,3.245400000000000063e+01,2.300000000000000000e+01,2.300000000000000000e+01
9.503602600097656250e+01,0.000000000000000000e+00,3.000000000000000000e+01,3.005900000000000105e+01,3.255100000000000193e+01,2.300000000000000000e+01,2.300000000000000000e+01
9.603653526306152344e+01,0.000000000000000000e+00,3.000000000000000000e+01,2.991199999999999903e+01,3.250200000000000244e+01,2.300000000000000000e+01,2.300000000000000000e+01
9.703730559349060059e+01,0.000000000000000000e+00,3.000000000000000000e+01,3.005900000000000105e+01,3.269800000000000040e+01,2.300000000000000000e+01,2.300000000000000000e+01
9.803788352012634277e+01,0.000000000000000000e+00,3.000000000000000000e+01,3.005900000000000105e+01,3.260000000000000142e+01,2.300000000000000000e+01,2.300000000000000000e+01
9.903804516792297363e+01,0.000000000000000000e+00,3.000000000000000000e+01,3.005900000000000105e+01,3.269800000000000040e+01,2.300000000000000000e+01,2.300000000000000000e+01
1.000383260250091553e+02,0.000000000000000000e+00,3.000000000000000000e+01,3.025400000000000134e+01,3.264900000000000091e+01,2.300000000000000000e+01,2.300000000000000000e+01
1.010388133525848389e+02,0.000000000000000000e+00,3.000000000000000000e+01,3.015599999999999881e+01,3.274699999999999989e+01,2.300000000000000000e+01,2.300000000000000000e+01
1.020389037132263184e+02,0.000000000000000000e+00,3.000000000000000000e+01,3.035200000000000031e+01,3.269800000000000040e+01,2.300000000000000000e+01,2.300000000000000000e+01
1.030389959812164307e+02,0.000000000000000000e+00,3.000000000000000000e+01,3.025400000000000134e+01,3.303999999999999915e+01,2.300000000000000000e+01,2.300000000000000000e+01
1.040394065380096436e+02,0.000000000000000000e+00,3.000000000000000000e+01,3.030300000000000082e+01,3.284499999999999886e+01,2.300000000000000000e+01,2.300000000000000000e+01
1.050395863056182861e+02,0.000000000000000000e+00,3.000000000000000000e+01,3.020499999999999829e+01,3.289300000000000068e+01,2.300000000000000000e+01,2.300000000000000000e+01
1.060401599407196045e+02,0.000000000000000000e+00,3.000000000000000000e+01,3.020499999999999829e+01,3.289300000000000068e+01,2.300000000000000000e+01,2.300000000000000000e+01
1.070406808853149414e+02,0.000000000000000000e+00,3.000000000000000000e+01,3.040099999999999980e+01,3.303999999999999915e+01,2.300000000000000000e+01,2.300000000000000000e+01
1.080408859252929688e+02,0.000000000000000000e+00,3.000000000000000000e+01,3.035200000000000031e+01,3.308899999999999864e+01,2.300000000000000000e+01,2.300000000000000000e+01
1.090413355827331543e+02,0.000000000000000000e+00,3.000000000000000000e+01,3.035200000000000031e+01,3.308899999999999864e+01,2.300000000000000000e+01,2.300000000000000000e+01
1.100414483547210693e+02,0.000000000000000000e+00,3.000000000000000000e+01,3.035200000000000031e+01,3.313799999999999812e+01,2.300000000000000000e+01,2.300000000000000000e+01
1.110416440963745117e+02,0.000000000000000000e+00,3.000000000000000000e+01,3.054700000000000060e+01,3.303999999999999915e+01,2.300000000000000000e+01,2.300000000000000000e+01
1.120420031547546387e+02,0.000000000000000000e+00,3.000000000000000000e+01,3.049899999999999878e+01,3.313799999999999812e+01,2.300000000000000000e+01,2.300000000000000000e+01
1.130422661304473877e+02,0.000000000000000000e+00,3.000000000000000000e+01,3.064499999999999957e+01,3.303999999999999915e+01,2.300000000000000000e+01,2.300000000000000000e+01
1.140424959659576416e+02,0.000000000000000000e+00,3.000000000000000000e+01,3.069399999999999906e+01,3.318699999999999761e+01,2.300000000000000000e+01,2.300000000000000000e+01
1.150425987243652344e+02,0.000000000000000000e+00,3.000000000000000000e+01,3.054700000000000060e+01,3.323599999999999710e+01,2.300000000000000000e+01,2.300000000000000000e+01
1.160431480407714844e+02,0.000000000000000000e+00,3.000000000000000000e+01,3.074299999999999855e+01,3.318699999999999761e+01,2.300000000000000000e+01,2.300000000000000000e+01
1.170437805652618408e+02,0.000000000000000000e+00,3.000000000000000000e+01,3.064499999999999957e+01,3.323599999999999710e+01,2.300000000000000000e+01,2.300000000000000000e+01
1.180443375110626221e+02,0.000000000000000000e+00,3.000000000000000000e+01,3.079200000000000159e+01,3.323599999999999710e+01,2.300000000000000000e+01,2.300000000000000000e+01
1.190445234775543213e+02,0.000000000000000000e+00,3.000000000000000000e+01,3.079200000000000159e+01,3.338199999999999790e+01,2.300000000000000000e+01,2.300000000000000000e+01
1.200447642803192139e+02,0.000000000000000000e+00,3.000000000000000000e+01,3.079200000000000159e+01,3.338199999999999790e+01,2.300000000000000000e+01,2.300000000000000000e+01
1.210449216365814209e+02,0.000000000000000000e+00,3.000000000000000000e+01,3.079200000000000159e+01,3.347999999999999687e+01,2.300000000000000000e+01,2.300000000000000000e+01
1.220449731349945068e+02,0.000000000000000000e+00,3.000000000000000000e+01,3.074299999999999855e+01,3.347999999999999687e+01,2.300000000000000000e+01,2.300000000000000000e+01
1.230451004505157471e+02,0.000000000000000000e+00,3.000000000000000000e+01,3.079200000000000159e+01,3.357800000000000296e+01,2.300000000000000000e+01,2.300000000000000000e+01
1.240454695224761963e+02,0.000000000000000000e+00,3.000000000000000000e+01,3.079200000000000159e+01,3.357800000000000296e+01,2.300000000000000000e+01,2.300000000000000000e+01
1.250455639362335205e+02,0.000000000000000000e+00,3.000000000000000000e+01,3.074299999999999855e+01,3.357800000000000296e+01,2.300000000000000000e+01,2.300000000000000000e+01
1.260456547737121582e+02,0.000000000000000000e+00,3.000000000000000000e+01,3.079200000000000159e+01,3.357800000000000296e+01,2.300000000000000000e+01,2.300000000000000000e+01
1.270461184978485107e+02,0.000000000000000000e+00,3.000000000000000000e+01,3.079200000000000159e+01,3.357800000000000296e+01,2.300000000000000000e+01,2.300000000000000000e+01
1.280463943481445312e+02,0.000000000000000000e+00,3.000000000000000000e+01,3.089000000000000057e+01,3.367499999999999716e+01,2.300000000000000000e+01,2.300000000000000000e+01
1.290464904308319092e+02,0.000000000000000000e+00,3.000000000000000000e+01,3.089000000000000057e+01,3.382200000000000273e+01,2.300000000000000000e+01,2.300000000000000000e+01
1.300469827651977539e+02,0.000000000000000000e+00,3.000000000000000000e+01,3.098699999999999832e+01,3.372399999999999665e+01,2.300000000000000000e+01,2.300000000000000000e+01
1.310472714900970459e+02,0.000000000000000000e+00,3.000000000000000000e+01,3.108500000000000085e+01,3.362700000000000244e+01,2.300000000000000000e+01,2.300000000000000000e+01
1.320474448204040527e+02,0.000000000000000000e+00,3.000000000000000000e+01,3.123199999999999932e+01,3.392000000000000171e+01,2.300000000000000000e+01,2.300000000000000000e+01
1.330476796627044678e+02,0.000000000000000000e+00,3.000000000000000000e+01,3.132900000000000063e+01,3.377300000000000324e+01,2.300000000000000000e+01,2.300000000000000000e+01
1.340482616424560547e+02,0.000000000000000000e+00,3.000000000000000000e+01,3.137800000000000011e+01,3.377300000000000324e+01,2.300000000000000000e+01,2.300000000000000000e+01
1.350486714839935303e+02,0.000000000000000000e+00,3.000000000000000000e+01,3.137800000000000011e+01,3.382200000000000273e+01,2.300000000000000000e+01,2.300000000000000000e+01
1.360487785339355469e+02,0.000000000000000000e+00,3.000000000000000000e+01,3.128099999999999881e+01,3.382200000000000273e+01,2.300000000000000000e+01,2.300000000000000000e+01
1.370493566989898682e+02,0.000000000000000000e+00,3.000000000000000000e+01,3.132900000000000063e+01,3.377300000000000324e+01,2.300000000000000000e+01,2.300000000000000000e+01
1.380499618053436279e+02,0.000000000000000000e+00,3.000000000000000000e+01,3.132900000000000063e+01,3.387100000000000222e+01,2.300000000000000000e+01,2.300000000000000000e+01
1.390504171848297119e+02,0.000000000000000000e+00,3.000000000000000000e+01,3.128099999999999881e+01,3.382200000000000273e+01,2.300000000000000000e+01,2.300000000000000000e+01
1.400510530471801758e+02,0.000000000000000000e+00,3.000000000000000000e+01,3.147599999999999909e+01,3.396900000000000119e+01,2.300000000000000000e+01,2.300000000000000000e+01
1.410514259338378906e+02,0.000000000000000000e+00,3.000000000000000000e+01,3.152499999999999858e+01,3.392000000000000171e+01,2.300000000000000000e+01,2.300000000000000000e+01
1.420516071319580078e+02,0.000000000000000000e+00,3.000000000000000000e+01,3.132900000000000063e+01,3.401800000000000068e+01,2.300000000000000000e+01,2.300000000000000000e+01
1.430518491268157959e+02,0.000000000000000000e+00,3.000000000000000000e+01,3.137800000000000011e+01,3.406600000000000250e+01,2.300000000000000000e+01,2.300000000000000000e+01
1.440520884990692139e+02,0.000000000000000000e+00,3.000000000000000000e+01,3.152499999999999858e+01,3.416400000000000148e+01,2.300000000000000000e+01,2.300000000000000000e+01
1.450524530410766602e+02,0.000000000000000000e+00,3.000000000000000000e+01,3.142699999999999960e+01,3.426200000000000045e+01,2.300000000000000000e+01,2.300000000000000000e+01
1.460531179904937744e+02,0.000000000000000000e+00,3.000000000000000000e+01,3.157400000000000162e+01,3.411500000000000199e+01,2.300000000000000000e+01,2.300000000000000000e+01
1.470536236763000488e+02,0.000000000000000000e+00,3.000000000000000000e+01,3.167200000000000060e+01,3.431099999999999994e+01,2.300000000000000000e+01,2.300000000000000000e+01
1.480541539192199707e+02,0.000000000000000000e+00,3.000000000000000000e+01,3.167200000000000060e+01,3.440899999999999892e+01,2.300000000000000000e+01,2.300000000000000000e+01
1.490544734001159668e+02,0.000000000000000000e+00,3.000000000000000000e+01,3.167200000000000060e+01,3.435999999999999943e+01,2.300000000000000000e+01,2.300000000000000000e+01
1.500547845363616943e+02,0.000000000000000000e+00,3.000000000000000000e+01,3.167200000000000060e+01,3.445700000000000074e+01,2.300000000000000000e+01,2.300000000000000000e+01
1.510553240776062012e+02,0.000000000000000000e+00,3.000000000000000000e+01,3.167200000000000060e+01,3.435999999999999943e+01,2.300000000000000000e+01,2.300000000000000000e+01
1.520555186271667480e+02,0.000000000000000000e+00,3.000000000000000000e+01,3.171999999999999886e+01,3.445700000000000074e+01,2.300000000000000000e+01,2.300000000000000000e+01
1.530561134815216064e+02,0.000000000000000000e+00,3.000000000000000000e+01,3.171999999999999886e+01,3.445700000000000074e+01,2.300000000000000000e+01,2.300000000000000000e+01
1.540562281608581543e+02,0.000000000000000000e+00,3.000000000000000000e+01,3.181800000000000139e+01,3.450600000000000023e+01,2.300000000000000000e+01,2.300000000000000000e+01
1.550564801692962646e+02,0.000000000000000000e+00,3.000000000000000000e+01,3.171999999999999886e+01,3.455499999999999972e+01,2.300000000000000000e+01,2.300000000000000000e+01
1.560567181110382080e+02,0.000000000000000000e+00,3.000000000000000000e+01,3.171999999999999886e+01,3.435999999999999943e+01,2.300000000000000000e+01,2.300000000000000000e+01
1.570570330619812012e+02,0.000000000000000000e+00,3.000000000000000000e+01,3.181800000000000139e+01,3.450600000000000023e+01,2.300000000000000000e+01,2.300000000000000000e+01
1.580571510791778564e+02,0.000000000000000000e+00,3.000000000000000000e+01,3.176899999999999835e+01,3.465299999999999869e+01,2.300000000000000000e+01,2.300000000000000000e+01
1.590576081275939941e+02,0.000000000000000000e+00,3.000000000000000000e+01,3.176899999999999835e+01,3.465299999999999869e+01,2.300000000000000000e+01,2.300000000000000000e+01
1.600580420494079590e+02,0.000000000000000000e+00,3.000000000000000000e+01,3.181800000000000139e+01,3.470199999999999818e+01,2.300000000000000000e+01,2.300000000000000000e+01
1.610582423210144043e+02,0.000000000000000000e+00,3.000000000000000000e+01,3.181800000000000139e+01,3.470199999999999818e+01,2.300000000000000000e+01,2.300000000000000000e+01
1.620588121414184570e+02,0.000000000000000000e+00,3.000000000000000000e+01,3.181800000000000139e+01,3.475099999999999767e+01,2.300000000000000000e+01,2.300000000000000000e+01
1.630588438510894775e+02,0.000000000000000000e+00,3.000000000000000000e+01,3.191600000000000037e+01,3.479999999999999716e+01,2.300000000000000000e+01,2.300000000000000000e+01
1.640594460964202881e+02,0.000000000000000000e+00,3.000000000000000000e+01,3.196499999999999986e+01,3.484799999999999898e+01,2.300000000000000000e+01,2.300000000000000000e+01
1.650597364902496338e+02,0.000000000000000000e+00,3.000000000000000000e+01,3.201400000000000290e+01,3.475099999999999767e+01,2.300000000000000000e+01,2.300000000000000000e+01
1.660598304271697998e+02,0.000000000000000000e+00,3.000000000000000000e+01,3.201400000000000290e+01,3.479999999999999716e+01,2.300000000000000000e+01,2.300000000000000000e+01
1.670603895187377930e+02,0.000000000000000000e+00,3.000000000000000000e+01,3.206300000000000239e+01,3.494599999999999795e+01,2.300000000000000000e+01,2.300000000000000000e+01
1.680606763362884521e+02,0.000000000000000000e+00,3.000000000000000000e+01,3.206300000000000239e+01,3.494599999999999795e+01,2.300000000000000000e+01,2.300000000000000000e+01
1.690612354278564453e+02,0.000000000000000000e+00,3.000000000000000000e+01,3.220900000000000318e+01,3.509300000000000352e+01,2.300000000000000000e+01,2.300000000000000000e+01
1.700618135929107666e+02,0.000000000000000000e+00,3.000000000000000000e+01,3.220900000000000318e+01,3.509300000000000352e+01,2.300000000000000000e+01,2.300000000000000000e+01
1.710619909763336182e+02,0.000000000000000000e+00,3.000000000000000000e+01,3.206300000000000239e+01,3.509300000000000352e+01,2.300000000000000000e+01,2.300000000000000000e+01
1.720625193119049072e+02,0.000000000000000000e+00,3.000000000000000000e+01,3.230700000000000216e+01,3.514200000000000301e+01,2.300000000000000000e+01,2.300000000000000000e+01
1.730626070499420166e+02,0.000000000000000000e+00,3.000000000000000000e+01,3.225800000000000267e+01,3.519100000000000250e+01,2.300000000000000000e+01,2.300000000000000000e+01
1.740630850791931152e+02,0.000000000000000000e+00,3.000000000000000000e+01,3.215999999999999659e+01,3.509300000000000352e+01,2.300000000000000000e+01,2.300000000000000000e+01
1.750631706714630127e+02,0.000000000000000000e+00,3.000000000000000000e+01,3.235600000000000165e+01,3.523899999999999721e+01,2.300000000000000000e+01,2.300000000000000000e+01
1.760636425018310547e+02,0.000000000000000000e+00,3.000000000000000000e+01,3.225800000000000267e+01,3.514200000000000301e+01,2.300000000000000000e+01,2.300000000000000000e+01
1.770642757415771484e+02,0.000000000000000000e+00,3.000000000000000000e+01,3.225800000000000267e+01,3.509300000000000352e+01,2.300000000000000000e+01,2.300000000000000000e+01
1.780643637180328369e+02,0.000000000000000000e+00,3.000000000000000000e+01,3.235600000000000165e+01,3.519100000000000250e+01,2.300000000000000000e+01,2.300000000000000000e+01
1.790644555091857910e+02,0.000000000000000000e+00,3.000000000000000000e+01,3.235600000000000165e+01,3.509300000000000352e+01,2.300000000000000000e+01,2.300000000000000000e+01
1.800645513534545898e+02,0.000000000000000000e+00,3.000000000000000000e+01,3.220900000000000318e+01,3.523899999999999721e+01,2.300000000000000000e+01,2.300000000000000000e+01
1.810646553039550781e+02,0.000000000000000000e+00,3.000000000000000000e+01,3.245400000000000063e+01,3.523899999999999721e+01,2.300000000000000000e+01,2.300000000000000000e+01
1.820650856494903564e+02,0.000000000000000000e+00,3.000000000000000000e+01,3.250200000000000244e+01,3.523899999999999721e+01,2.300000000000000000e+01,2.300000000000000000e+01
1.830653102397918701e+02,0.000000000000000000e+00,3.000000000000000000e+01,3.245400000000000063e+01,3.528799999999999670e+01,2.300000000000000000e+01,2.300000000000000000e+01
1.840655231475830078e+02,0.000000000000000000e+00,3.000000000000000000e+01,3.264900000000000091e+01,3.543500000000000227e+01,2.300000000000000000e+01,2.300000000000000000e+01
1.850659406185150146e+02,0.000000000000000000e+00,3.000000000000000000e+01,3.269800000000000040e+01,3.543500000000000227e+01,2.300000000000000000e+01,2.300000000000000000e+01
1.860664172172546387e+02,0.000000000000000000e+00,3.000000000000000000e+01,3.260000000000000142e+01,3.548400000000000176e+01,2.300000000000000000e+01,2.300000000000000000e+01
1.870665972232818604e+02,0.000000000000000000e+00,3.000000000000000000e+01,3.264900000000000091e+01,3.538600000000000279e+01,2.300000000000000000e+01,2.300000000000000000e+01
1.880670921802520752e+02,0.000000000000000000e+00,3.000000000000000000e+01,3.274699999999999989e+01,3.548400000000000176e+01,2.300000000000000000e+01,2.300000000000000000e+01
1.890674786567687988e+02,0.000000000000000000e+00,3.000000000000000000e+01,3.269800000000000040e+01,3.533700000000000330e+01,2.300000000000000000e+01,2.300000000000000000e+01
1.900679843425750732e+02,0.000000000000000000e+00,3.000000000000000000e+01,3.269800000000000040e+01,3.553300000000000125e+01,2.300000000000000000e+01,2.300000000000000000e+01
1.910685765743255615e+02,0.000000000000000000e+00,3.000000000000000000e+01,3.260000000000000142e+01,3.548400000000000176e+01,2.300000000000000000e+01,2.300000000000000000e+01
1.920690195560455322e+02,0.000000000000000000e+00,3.000000000000000000e+01,3.264900000000000091e+01,3.553300000000000125e+01,2.300000000000000000e+01,2.300000000000000000e+01
1.930693461894989014e+02,0.000000000000000000e+00,3.000000000000000000e+01,3.274699999999999989e+01,3.543500000000000227e+01,2.300000000000000000e+01,2.300000000000000000e+01
1.940694696903228760e+02,0.000000000000000000e+00,3.000000000000000000e+01,3.274699999999999989e+01,3.553300000000000125e+01,2.300000000000000000e+01,2.300000000000000000e+01
1.950700240135192871e+02,0.000000000000000000e+00,3.000000000000000000e+01,3.279599999999999937e+01,3.567900000000000205e+01,2.300000000000000000e+01,2.300000000000000000e+01
1.960702519416809082e+02,0.000000000000000000e+00,3.000000000000000000e+01,3.284499999999999886e+01,3.553300000000000125e+01,2.300000000000000000e+01,2.300000000000000000e+01
1.970705718994140625e+02,0.000000000000000000e+00,3.000000000000000000e+01,3.274699999999999989e+01,3.553300000000000125e+01,2.300000000000000000e+01,2.300000000000000000e+01
1.980710155963897705e+02,0.000000000000000000e+00,3.000000000000000000e+01,3.289300000000000068e+01,3.548400000000000176e+01,2.300000000000000000e+01,2.300000000000000000e+01
1.990710663795471191e+02,0.000000000000000000e+00,3.000000000000000000e+01,3.279599999999999937e+01,3.567900000000000205e+01,2.300000000000000000e+01,2.300000000000000000e+01
2.000715391635894775e+02,0.000000000000000000e+00,3.000000000000000000e+01,3.294200000000000017e+01,3.567900000000000205e+01,2.300000000000000000e+01,2.300000000000000000e+01
2.010720129013061523e+02,0.000000000000000000e+00,3.000000000000000000e+01,3.294200000000000017e+01,3.563100000000000023e+01,2.300000000000000000e+01,2.300000000000000000e+01
2.020724120140075684e+02,0.000000000000000000e+00,3.000000000000000000e+01,3.289300000000000068e+01,3.567900000000000205e+01,2.300000000000000000e+01,2.300000000000000000e+01
2.030726554393768311e+02,0.000000000000000000e+00,3.000000000000000000e+01,3.303999999999999915e+01,3.572800000000000153e+01,2.300000000000000000e+01,2.300000000000000000e+01
2.040730564594268799e+02,0.000000000000000000e+00,3.000000000000000000e+01,3.294200000000000017e+01,3.558200000000000074e+01,2.300000000000000000e+01,2.300000000000000000e+01
2.050735256671905518e+02,0.000000000000000000e+00,3.000000000000000000e+01,3.299099999999999966e+01,3.572800000000000153e+01,2.300000000000000000e+01,2.300000000000000000e+01
2.060740025043487549e+02,0.000000000000000000e+00,3.000000000000000000e+01,3.303999999999999915e+01,3.567900000000000205e+01,2.300000000000000000e+01,2.300000000000000000e+01
2.070744969844818115e+02,0.000000000000000000e+00,3.000000000000000000e+01,3.318699999999999761e+01,3.572800000000000153e+01,2.300000000000000000e+01,2.300000000000000000e+01
2.080746126174926758e+02,0.000000000000000000e+00,3.000000000000000000e+01,3.313799999999999812e+01,3.567900000000000205e+01,2.300000000000000000e+01,2.300000000000000000e+01
2.090747816562652588e+02,0.000000000000000000e+00,3.000000000000000000e+01,3.323599999999999710e+01,3.577700000000000102e+01,2.300000000000000000e+01,2.300000000000000000e+01
2.100753693580627441e+02,0.000000000000000000e+00,3.000000000000000000e+01,3.328399999999999892e+01,3.577700000000000102e+01,2.300000000000000000e+01,2.300000000000000000e+01
2.110755181312561035e+02,0.000000000000000000e+00,3.000000000000000000e+01,3.323599999999999710e+01,3.577700000000000102e+01,2.300000000000000000e+01,2.300000000000000000e+01
2.120760052204132080e+02,0.000000000000000000e+00,3.000000000000000000e+01,3.323599999999999710e+01,3.577700000000000102e+01,2.300000000000000000e+01,2.300000000000000000e+01
2.130761985778808594e+02,0.000000000000000000e+00,3.000000000000000000e+01,3.313799999999999812e+01,3.577700000000000102e+01,2.300000000000000000e+01,2.300000000000000000e+01
2.140767934322357178e+02,0.000000000000000000e+00,3.000000000000000000e+01,3.323599999999999710e+01,3.587500000000000000e+01,2.300000000000000000e+01,2.300000000000000000e+01
2.150769054889678955e+02,0.000000000000000000e+00,3.000000000000000000e+01,3.338199999999999790e+01,3.592399999999999949e+01,2.300000000000000000e+01,2.300000000000000000e+01
2.160773444175720215e+02,0.000000000000000000e+00,3.000000000000000000e+01,3.338199999999999790e+01,3.592399999999999949e+01,2.300000000000000000e+01,2.300000000000000000e+01
2.170779166221618652e+02,0.000000000000000000e+00,3.000000000000000000e+01,3.343099999999999739e+01,3.572800000000000153e+01,2.300000000000000000e+01,2.300000000000000000e+01
2.180781769752502441e+02,0.000000000000000000e+00,3.000000000000000000e+01,3.338199999999999790e+01,3.592399999999999949e+01,2.300000000000000000e+01,2.300000000000000000e+01
2.190784158706665039e+02,0.000000000000000000e+00,3.000000000000000000e+01,3.328399999999999892e+01,3.572800000000000153e+01,2.300000000000000000e+01,2.300000000000000000e+01
2.200785217285156250e+02,0.000000000000000000e+00,3.000000000000000000e+01,3.343099999999999739e+01,3.582600000000000051e+01,2.300000000000000000e+01,2.300000000000000000e+01
2.210789997577667236e+02,0.000000000000000000e+00,3.000000000000000000e+01,3.347999999999999687e+01,3.592399999999999949e+01,2.300000000000000000e+01,2.300000000000000000e+01
2.220794100761413574e+02,0.000000000000000000e+00,3.000000000000000000e+01,3.343099999999999739e+01,3.592399999999999949e+01,2.300000000000000000e+01,2.300000000000000000e+01
2.230799407958984375e+02,0.000000000000000000e+00,3.000000000000000000e+01,3.343099999999999739e+01,3.587500000000000000e+01,2.300000000000000000e+01,2.300000000000000000e+01
2.240804295539855957e+02,0.000000000000000000e+00,3.000000000000000000e+01,3.357800000000000296e+01,3.587500000000000000e+01,2.300000000000000000e+01,2.300000000000000000e+01
2.250805177688598633e+02,0.000000000000000000e+00,3.000000000000000000e+01,3.352900000000000347e+01,3.611899999999999977e+01,2.300000000000000000e+01,2.300000000000000000e+01
2.260808711051940918e+02,0.000000000000000000e+00,3.000000000000000000e+01,3.362700000000000244e+01,3.611899999999999977e+01,2.300000000000000000e+01,2.300000000000000000e+01
2.270811252593994141e+02,0.000000000000000000e+00,3.000000000000000000e+01,3.352900000000000347e+01,3.597299999999999898e+01,2.300000000000000000e+01,2.300000000000000000e+01
2.280812995433807373e+02,0.000000000000000000e+00,3.000000000000000000e+01,3.362700000000000244e+01,3.602199999999999847e+01,2.300000000000000000e+01,2.300000000000000000e+01
2.290816497802734375e+02,0.000000000000000000e+00,3.000000000000000000e+01,3.372399999999999665e+01,3.602199999999999847e+01,2.300000000000000000e+01,2.300000000000000000e+01
2.300818779468536377e+02,0.000000000000000000e+00,3.000000000000000000e+01,3.367499999999999716e+01,3.616799999999999926e+01,2.300000000000000000e+01,2.300000000000000000e+01
2.310820305347442627e+02,0.000000000000000000e+00,3.000000000000000000e+01,3.367499999999999716e+01,3.616799999999999926e+01,2.300000000000000000e+01,2.300000000000000000e+01
2.320823085308074951e+02,0.000000000000000000e+00,3.000000000000000000e+01,3.372399999999999665e+01,3.616799999999999926e+01,2.300000000000000000e+01,2.300000000000000000e+01
2.330824468135833740e+02,0.000000000000000000e+00,3.000000000000000000e+01,3.362700000000000244e+01,3.607000000000000028e+01,2.300000000000000000e+01,2.300000000000000000e+01
2.340828876495361328e+02,0.000000000000000000e+00,3.000000000000000000e+01,3.362700000000000244e+01,3.611899999999999977e+01,2.300000000000000000e+01,2.300000000000000000e+01
2.350832116603851318e+02,0.000000000000000000e+00,3.000000000000000000e+01,3.372399999999999665e+01,3.611899999999999977e+01,2.300000000000000000e+01,2.300000000000000000e+01
2.360833075046539307e+02,0.000000000000000000e+00,3.000000000000000000e+01,3.372399999999999665e+01,3.611899999999999977e+01,2.300000000000000000e+01,2.300000000000000000e+01
2.370834054946899414e+02,0.000000000000000000e+00,3.000000000000000000e+01,3.382200000000000273e+01,3.626599999999999824e+01,2.300000000000000000e+01,2.300000000000000000e+01
2.380838017463684082e+02,0.000000000000000000e+00,3.000000000000000000e+01,3.377300000000000324e+01,3.626599999999999824e+01,2.300000000000000000e+01,2.300000000000000000e+01
2.390841004848480225e+02,0.000000000000000000e+00,3.000000000000000000e+01,3.377300000000000324e+01,3.626599999999999824e+01,2.300000000000000000e+01,2.300000000000000000e+01
2.400845863819122314e+02,0.000000000000000000e+00,3.000000000000000000e+01,3.372399999999999665e+01,3.626599999999999824e+01,2.300000000000000000e+01,2.300000000000000000e+01
2.410849330425262451e+02,0.000000000000000000e+00,3.000000000000000000e+01,3.387100000000000222e+01,3.631499999999999773e+01,2.300000000000000000e+01,2.300000000000000000e+01
2.420850300788879395e+02,0.000000000000000000e+00,3.000000000000000000e+01,3.362700000000000244e+01,3.631499999999999773e+01,2.300000000000000000e+01,2.300000000000000000e+01
2.430851285457611084e+02,0.000000000000000000e+00,3.000000000000000000e+01,3.382200000000000273e+01,3.626599999999999824e+01,2.300000000000000000e+01,2.300000000000000000e+01
2.440855181217193604e+02,0.000000000000000000e+00,3.000000000000000000e+01,3.372399999999999665e+01,3.636399999999999721e+01,2.300000000000000000e+01,2.300000000000000000e+01
2.450860009193420410e+02,0.000000000000000000e+00,3.000000000000000000e+01,3.382200000000000273e+01,3.626599999999999824e+01,2.300000000000000000e+01,2.300000000000000000e+01
2.460861482620239258e+02,0.000000000000000000e+00,3.000000000000000000e+01,3.387100000000000222e+01,3.626599999999999824e+01,2.300000000000000000e+01,2.300000000000000000e+01
2.470866510868072510e+02,0.000000000000000000e+00,3.000000000000000000e+01,3.387100000000000222e+01,3.636399999999999721e+01,2.300000000000000000e+01,2.300000000000000000e+01
2.480873305797576904e+02,0.000000000000000000e+00,3.000000000000000000e+01,3.382200000000000273e+01,3.660799999999999699e+01,2.300000000000000000e+01,2.300000000000000000e+01
2.490878531932830811e+02,0.000000000000000000e+00,3.000000000000000000e+01,3.382200000000000273e+01,3.641299999999999670e+01,2.300000000000000000e+01,2.300000000000000000e+01
2.500882365703582764e+02,0.000000000000000000e+00,3.000000000000000000e+01,3.392000000000000171e+01,3.621699999999999875e+01,2.300000000000000000e+01,2.300000000000000000e+01
2.510887308120727539e+02,0.000000000000000000e+00,3.000000000000000000e+01,3.396900000000000119e+01,3.631499999999999773e+01,2.300000000000000000e+01,2.300000000000000000e+01
2.520889506340026855e+02,0.000000000000000000e+00,3.000000000000000000e+01,3.396900000000000119e+01,3.636399999999999721e+01,2.300000000000000000e+01,2.300000000000000000e+01
2.530890281200408936e+02,0.000000000000000000e+00,3.000000000000000000e+01,3.406600000000000250e+01,3.641299999999999670e+01,2.300000000000000000e+01,2.300000000000000000e+01
2.540895128250122070e+02,0.000000000000000000e+00,3.000000000000000000e+01,3.406600000000000250e+01,3.650999999999999801e+01,2.300000000000000000e+01,2.300000000000000000e+01
2.550899930000305176e+02,0.000000000000000000e+00,3.000000000000000000e+01,3.416400000000000148e+01,3.660799999999999699e+01,2.300000000000000000e+01,2.300000000000000000e+01
2.560905005931854248e+02,0.000000000000000000e+00,3.000000000000000000e+01,3.401800000000000068e+01,3.641299999999999670e+01,2.300000000000000000e+01,2.300000000000000000e+01
2.570906703472137451e+02,0.000000000000000000e+00,3.000000000000000000e+01,3.406600000000000250e+01,3.655899999999999750e+01,2.300000000000000000e+01,2.300000000000000000e+01
2.580908474922180176e+02,0.000000000000000000e+00,3.000000000000000000e+01,3.421300000000000097e+01,3.646099999999999852e+01,2.300000000000000000e+01,2.300000000000000000e+01
2.590910043716430664e+02,0.000000000000000000e+00,3.000000000000000000e+01,3.421300000000000097e+01,3.665699999999999648e+01,2.300000000000000000e+01,2.300000000000000000e+01
2.600911619663238525e+02,0.000000000000000000e+00,3.000000000000000000e+01,3.426200000000000045e+01,3.655899999999999750e+01,2.300000000000000000e+01,2.300000000000000000e+01
2.610915760993957520e+02,0.000000000000000000e+00,3.000000000000000000e+01,3.421300000000000097e+01,3.641299999999999670e+01,2.300000000000000000e+01,2.300000000000000000e+01
2.620917501449584961e+02,0.000000000000000000e+00,3.000000000000000000e+01,3.421300000000000097e+01,3.655899999999999750e+01,2.300000000000000000e+01,2.300000000000000000e+01
2.630921323299407959e+02,0.000000000000000000e+00,3.000000000000000000e+01,3.421300000000000097e+01,3.655899999999999750e+01,2.300000000000000000e+01,2.300000000000000000e+01
2.640922601222991943e+02,0.000000000000000000e+00,3.000000000000000000e+01,3.416400000000000148e+01,3.646099999999999852e+01,2.300000000000000000e+01,2.300000000000000000e+01
2.650925350189208984e+02,0.000000000000000000e+00,3.000000000000000000e+01,3.421300000000000097e+01,3.655899999999999750e+01,2.300000000000000000e+01,2.300000000000000000e+01
2.660928578376770020e+02,0.000000000000000000e+00,3.000000000000000000e+01,3.421300000000000097e+01,3.641299999999999670e+01,2.300000000000000000e+01,2.300000000000000000e+01
2.670932655334472656e+02,0.000000000000000000e+00,3.000000000000000000e+01,3.435999999999999943e+01,3.655899999999999750e+01,2.300000000000000000e+01,2.300000000000000000e+01
2.680935132503509521e+02,0.000000000000000000e+00,3.000000000000000000e+01,3.431099999999999994e+01,3.665699999999999648e+01,2.300000000000000000e+01,2.300000000000000000e+01
2.690941927433013916e+02,0.000000000000000000e+00,3.000000000000000000e+01,3.421300000000000097e+01,3.650999999999999801e+01,2.300000000000000000e+01,2.300000000000000000e+01
2.700944709777832031e+02,0.000000000000000000e+00,3.000000000000000000e+01,3.426200000000000045e+01,3.660799999999999699e+01,2.300000000000000000e+01,2.300000000000000000e+01
2.710947222709655762e+02,0.000000000000000000e+00,3.000000000000000000e+01,3.445700000000000074e+01,3.660799999999999699e+01,2.300000000000000000e+01,2.300000000000000000e+01
2.720950899124145508e+02,0.000000000000000000e+00,3.000000000000000000e+01,3.416400000000000148e+01,3.655899999999999750e+01,2.300000000000000000e+01,2.300000000000000000e+01
2.730951869487762451e+02,0.000000000000000000e+00,3.000000000000000000e+01,3.435999999999999943e+01,3.665699999999999648e+01,2.300000000000000000e+01,2.300000000000000000e+01
2.740953619480133057e+02,0.000000000000000000e+00,3.000000000000000000e+01,3.455499999999999972e+01,3.665699999999999648e+01,2.300000000000000000e+01,2.300000000000000000e+01
2.750956232547760010e+02,0.000000000000000000e+00,3.000000000000000000e+01,3.455499999999999972e+01,3.675500000000000256e+01,2.300000000000000000e+01,2.300000000000000000e+01
2.760957109928131104e+02,0.000000000000000000e+00,3.000000000000000000e+01,3.445700000000000074e+01,3.650999999999999801e+01,2.300000000000000000e+01,2.300000000000000000e+01
2.770957968235015869e+02,0.000000000000000000e+00,3.000000000000000000e+01,3.445700000000000074e+01,3.660799999999999699e+01,2.300000000000000000e+01,2.300000000000000000e+01
2.780962824821472168e+02,0.000000000000000000e+00,3.000000000000000000e+01,3.455499999999999972e+01,3.665699999999999648e+01,2.300000000000000000e+01,2.300000000000000000e+01
2.790965282917022705e+02,0.000000000000000000e+00,3.000000000000000000e+01,3.460399999999999920e+01,3.655899999999999750e+01,2.300000000000000000e+01,2.300000000000000000e+01
2.800968863964080811e+02,0.000000000000000000e+00,3.000000000000000000e+01,3.450600000000000023e+01,3.665699999999999648e+01,2.300000000000000000e+01,2.300000000000000000e+01
2.810970904827117920e+02,0.000000000000000000e+00,3.000000000000000000e+01,3.450600000000000023e+01,3.670600000000000307e+01,2.300000000000000000e+01,2.300000000000000000e+01
2.820974340438842773e+02,0.000000000000000000e+00,3.000000000000000000e+01,3.460399999999999920e+01,3.655899999999999750e+01,2.300000000000000000e+01,2.300000000000000000e+01
2.830980241298675537e+02,0.000000000000000000e+00,3.000000000000000000e+01,3.450600000000000023e+01,3.680400000000000205e+01,2.300000000000000000e+01,2.300000000000000000e+01
2.840985798835754395e+02,0.000000000000000000e+00,3.000000000000000000e+01,3.455499999999999972e+01,3.660799999999999699e+01,2.300000000000000000e+01,2.300000000000000000e+01
2.850992825031280518e+02,0.000000000000000000e+00,3.000000000000000000e+01,3.450600000000000023e+01,3.690100000000000335e+01,2.300000000000000000e+01,2.300000000000000000e+01
2.860997562408447266e+02,0.000000000000000000e+00,3.000000000000000000e+01,3.455499999999999972e+01,3.680400000000000205e+01,2.300000000000000000e+01,2.300000000000000000e+01
2.871001882553100586e+02,0.000000000000000000e+00,3.000000000000000000e+01,3.465299999999999869e+01,3.680400000000000205e+01,2.300000000000000000e+01,2.300000000000000000e+01
2.881002688407897949e+02,0.000000000000000000e+00,3.000000000000000000e+01,3.450600000000000023e+01,3.665699999999999648e+01,2.300000000000000000e+01,2.300000000000000000e+01
2.891004462242126465e+02,0.000000000000000000e+00,3.000000000000000000e+01,3.460399999999999920e+01,3.690100000000000335e+01,2.300000000000000000e+01,2.300000000000000000e+01
2.901008133888244629e+02,0.000000000000000000e+00,3.000000000000000000e+01,3.455499999999999972e+01,3.685199999999999676e+01,2.300000000000000000e+01,2.300000000000000000e+01
2.911009130477905273e+02,0.000000000000000000e+00,3.000000000000000000e+01,3.445700000000000074e+01,3.685199999999999676e+01,2.300000000000000000e+01,2.300000000000000000e+01
2.921011791229248047e+02,0.000000000000000000e+00,3.000000000000000000e+01,3.455499999999999972e+01,3.685199999999999676e+01,2.300000000000000000e+01,2.300000000000000000e+01
2.931015822887420654e+02,0.000000000000000000e+00,3.000000000000000000e+01,3.450600000000000023e+01,3.680400000000000205e+01,2.300000000000000000e+01,2.300000000000000000e+01
2.941019582748413086e+02,0.000000000000000000e+00,3.000000000000000000e+01,3.460399999999999920e+01,3.704800000000000182e+01,2.300000000000000000e+01,2.300000000000000000e+01
2.951025445461273193e+02,0.000000000000000000e+00,3.000000000000000000e+01,3.440899999999999892e+01,3.699900000000000233e+01,2.300000000000000000e+01,2.300000000000000000e+01
2.961027104854583740e+02,0.000000000000000000e+00,3.000000000000000000e+01,3.445700000000000074e+01,3.709700000000000131e+01,2.300000000000000000e+01,2.300000000000000000e+01
2.971029407978057861e+02,0.000000000000000000e+00,3.000000000000000000e+01,3.460399999999999920e+01,3.719500000000000028e+01,2.300000000000000000e+01,2.300000000000000000e+01
2.981033897399902344e+02,0.000000000000000000e+00,3.000000000000000000e+01,3.460399999999999920e+01,3.704800000000000182e+01,2.300000000000000000e+01,2.300000000000000000e+01
2.991042313575744629e+02,0.000000000000000000e+00,3.000000000000000000e+01,3.450600000000000023e+01,3.724300000000000210e+01,2.300000000000000000e+01,2.300000000000000000e+01
3.001045835018157959e+02,0.000000000000000000e+00,3.000000000000000000e+01,3.465299999999999869e+01,3.719500000000000028e+01,2.300000000000000000e+01,2.300000000000000000e+01
3.011048738956451416e+02,0.000000000000000000e+00,3.000000000000000000e+01,3.460399999999999920e+01,3.704800000000000182e+01,2.300000000000000000e+01,2.300000000000000000e+01
3.021054501533508301e+02,0.000000000000000000e+00,3.000000000000000000e+01,3.460399999999999920e+01,3.719500000000000028e+01,2.300000000000000000e+01,2.300000000000000000e+01
3.031057145595550537e+02,0.000000000000000000e+00,3.000000000000000000e+01,3.465299999999999869e+01,3.724300000000000210e+01,2.300000000000000000e+01,2.300000000000000000e+01
3.041060960292816162e+02,0.000000000000000000e+00,3.000000000000000000e+01,3.465299999999999869e+01,3.719500000000000028e+01,2.300000000000000000e+01,2.300000000000000000e+01
3.051062178611755371e+02,0.000000000000000000e+00,3.000000000000000000e+01,3.455499999999999972e+01,3.709700000000000131e+01,2.300000000000000000e+01,2.300000000000000000e+01
3.061064946651458740e+02,0.000000000000000000e+00,3.000000000000000000e+01,3.465299999999999869e+01,3.714600000000000080e+01,2.300000000000000000e+01,2.300000000000000000e+01
3.071068136692047119e+02,0.000000000000000000e+00,3.000000000000000000e+01,3.475099999999999767e+01,3.729200000000000159e+01,2.300000000000000000e+01,2.300000000000000000e+01
3.081074378490447998e+02,0.000000000000000000e+00,3.000000000000000000e+01,3.465299999999999869e+01,3.729200000000000159e+01,2.300000000000000000e+01,2.300000000000000000e+01
3.091075043678283691e+02,0.000000000000000000e+00,3.000000000000000000e+01,3.470199999999999818e+01,3.743900000000000006e+01,2.300000000000000000e+01,2.300000000000000000e+01
3.101078684329986572e+02,0.000000000000000000e+00,3.000000000000000000e+01,3.465299999999999869e+01,3.734100000000000108e+01,2.300000000000000000e+01,2.300000000000000000e+01
3.111079595088958740e+02,0.000000000000000000e+00,3.000000000000000000e+01,3.460399999999999920e+01,3.719500000000000028e+01,2.300000000000000000e+01,2.300000000000000000e+01
3.121085758209228516e+02,0.000000000000000000e+00,3.000000000000000000e+01,3.470199999999999818e+01,3.739000000000000057e+01,2.300000000000000000e+01,2.300000000000000000e+01
3.131088743209838867e+02,0.000000000000000000e+00,3.000000000000000000e+01,3.475099999999999767e+01,3.739000000000000057e+01,2.300000000000000000e+01,2.300000000000000000e+01
3.141092879772186279e+02,0.000000000000000000e+00,3.000000000000000000e+01,3.475099999999999767e+01,3.729200000000000159e+01,2.300000000000000000e+01,2.300000000000000000e+01
3.151097259521484375e+02,0.000000000000000000e+00,3.000000000000000000e+01,3.460399999999999920e+01,3.734100000000000108e+01,2.300000000000000000e+01,2.300000000000000000e+01
3.161099963188171387e+02,0.000000000000000000e+00,3.000000000000000000e+01,3.470199999999999818e+01,3.753699999999999903e+01,2.300000000000000000e+01,2.300000000000000000e+01
3.171103546619415283e+02,0.000000000000000000e+00,3.000000000000000000e+01,3.470199999999999818e+01,3.729200000000000159e+01,2.300000000000000000e+01,2.300000000000000000e+01
3.181105217933654785e+02,0.000000000000000000e+00,3.000000000000000000e+01,3.479999999999999716e+01,3.719500000000000028e+01,2.300000000000000000e+01,2.300000000000000000e+01
3.191106734275817871e+02,0.000000000000000000e+00,3.000000000000000000e+01,3.494599999999999795e+01,3.739000000000000057e+01,2.300000000000000000e+01,2.300000000000000000e+01
3.201110227108001709e+02,0.000000000000000000e+00,3.000000000000000000e+01,3.489699999999999847e+01,3.739000000000000057e+01,2.300000000000000000e+01,2.300000000000000000e+01
3.211114649772644043e+02,0.000000000000000000e+00,3.000000000000000000e+01,3.504399999999999693e+01,3.729200000000000159e+01,2.300000000000000000e+01,2.300000000000000000e+01
3.221116824150085449e+02,0.000000000000000000e+00,3.000000000000000000e+01,3.499499999999999744e+01,3.714600000000000080e+01,2.300000000000000000e+01,2.300000000000000000e+01
3.231118905544281006e+02,0.000000000000000000e+00,3.000000000000000000e+01,3.509300000000000352e+01,3.729200000000000159e+01,2.300000000000000000e+01,2.300000000000000000e+01
3.241123881340026855e+02,0.000000000000000000e+00,3.000000000000000000e+01,3.494599999999999795e+01,3.714600000000000080e+01,2.300000000000000000e+01,2.300000000000000000e+01
3.251126086711883545e+02,0.000000000000000000e+00,3.000000000000000000e+01,3.509300000000000352e+01,3.709700000000000131e+01,2.300000000000000000e+01,2.300000000000000000e+01
3.261127243041992188e+02,0.000000000000000000e+00,3.000000000000000000e+01,3.514200000000000301e+01,3.734100000000000108e+01,2.300000000000000000e+01,2.300000000000000000e+01
3.271131024360656738e+02,0.000000000000000000e+00,3.000000000000000000e+01,3.509300000000000352e+01,3.734100000000000108e+01,2.300000000000000000e+01,2.300000000000000000e+01
3.281136240959167480e+02,0.000000000000000000e+00,3.000000000000000000e+01,3.499499999999999744e+01,3.724300000000000210e+01,2.300000000000000000e+01,2.300000000000000000e+01
3.291139867305755615e+02,0.000000000000000000e+00,3.000000000000000000e+01,3.528799999999999670e+01,3.714600000000000080e+01,2.300000000000000000e+01,2.300000000000000000e+01
3.301140844821929932e+02,0.000000000000000000e+00,3.000000000000000000e+01,3.528799999999999670e+01,3.734100000000000108e+01,2.300000000000000000e+01,2.300000000000000000e+01
3.311146402359008789e+02,0.000000000000000000e+00,3.000000000000000000e+01,3.514200000000000301e+01,3.724300000000000210e+01,2.300000000000000000e+01,2.300000000000000000e+01
3.321149539947509766e+02,0.000000000000000000e+00,3.000000000000000000e+01,3.523899999999999721e+01,3.729200000000000159e+01,2.300000000000000000e+01,2.300000000000000000e+01
3.331155781745910645e+02,0.000000000000000000e+00,3.000000000000000000e+01,3.523899999999999721e+01,3.739000000000000057e+01,2.300000000000000000e+01,2.300000000000000000e+01
3.341161241531372070e+02,0.000000000000000000e+00,3.000000000000000000e+01,3.509300000000000352e+01,3.719500000000000028e+01,2.300000000000000000e+01,2.300000000000000000e+01
3.351161952018737793e+02,0.000000000000000000e+00,3.000000000000000000e+01,3.514200000000000301e+01,3.724300000000000210e+01,2.300000000000000000e+01,2.300000000000000000e+01
3.361163148880004883e+02,0.000000000000000000e+00,3.000000000000000000e+01,3.514200000000000301e+01,3.739000000000000057e+01,2.300000000000000000e+01,2.300000000000000000e+01
3.371167685985565186e+02,0.000000000000000000e+00,3.000000000000000000e+01,3.528799999999999670e+01,3.743900000000000006e+01,2.300000000000000000e+01,2.300000000000000000e+01
3.381169762611389160e+02,0.000000000000000000e+00,3.000000000000000000e+01,3.509300000000000352e+01,3.748799999999999955e+01,2.300000000000000000e+01,2.300000000000000000e+01
3.391172156333923340e+02,0.000000000000000000e+00,3.000000000000000000e+01,3.509300000000000352e+01,3.724300000000000210e+01,2.300000000000000000e+01,2.300000000000000000e+01
3.401175394058227539e+02,0.000000000000000000e+00,3.000000000000000000e+01,3.528799999999999670e+01,3.758599999999999852e+01,2.300000000000000000e+01,2.300000000000000000e+01
3.411178815364837646e+02,0.000000000000000000e+00,3.000000000000000000e+01,3.533700000000000330e+01,3.748799999999999955e+01,2.300000000000000000e+01,2.300000000000000000e+01
3.421180620193481445e+02,0.000000000000000000e+00,3.000000000000000000e+01,3.523899999999999721e+01,3.753699999999999903e+01,2.300000000000000000e+01,2.300000000000000000e+01
3.431186239719390869e+02,0.000000000000000000e+00,3.000000000000000000e+01,3.548400000000000176e+01,3.748799999999999955e+01,2.300000000000000000e+01,2.300000000000000000e+01
3.441190350055694580e+02,0.000000000000000000e+00,3.000000000000000000e+01,3.533700000000000330e+01,3.753699999999999903e+01,2.300000000000000000e+01,2.300000000000000000e+01
3.451194200515747070e+02,0.000000000000000000e+00,3.000000000000000000e+01,3.538600000000000279e+01,3.743900000000000006e+01,2.300000000000000000e+01,2.300000000000000000e+01
3.461199960708618164e+02,0.000000000000000000e+00,3.000000000000000000e+01,3.533700000000000330e+01,3.758599999999999852e+01,2.300000000000000000e+01,2.300000000000000000e+01
3.471201043128967285e+02,0.000000000000000000e+00,3.000000000000000000e+01,3.533700000000000330e+01,3.748799999999999955e+01,2.300000000000000000e+01,2.300000000000000000e+01
3.481202046871185303e+02,0.000000000000000000e+00,3.000000000000000000e+01,3.528799999999999670e+01,3.753699999999999903e+01,2.300000000000000000e+01,2.300000000000000000e+01
3.491205623149871826e+02,0.000000000000000000e+00,3.000000000000000000e+01,3.533700000000000330e+01,3.753699999999999903e+01,2.300000000000000000e+01,2.300000000000000000e+01
3.501211445331573486e+02,0.000000000000000000e+00,3.000000000000000000e+01,3.543500000000000227e+01,3.763400000000000034e+01,2.300000000000000000e+01,2.300000000000000000e+01
3.511215965747833252e+02,0.000000000000000000e+00,3.000000000000000000e+01,3.548400000000000176e+01,3.748799999999999955e+01,2.300000000000000000e+01,2.300000000000000000e+01
3.521218776702880859e+02,0.000000000000000000e+00,3.000000000000000000e+01,3.538600000000000279e+01,3.748799999999999955e+01,2.300000000000000000e+01,2.300000000000000000e+01
3.531221835613250732e+02,0.000000000000000000e+00,3.000000000000000000e+01,3.528799999999999670e+01,3.739000000000000057e+01,2.300000000000000000e+01,2.300000000000000000e+01
3.541224110126495361e+02,0.000000000000000000e+00,3.000000000000000000e+01,3.528799999999999670e+01,3.758599999999999852e+01,2.300000000000000000e+01,2.300000000000000000e+01
3.551225590705871582e+02,0.000000000000000000e+00,3.000000000000000000e+01,3.528799999999999670e+01,3.739000000000000057e+01,2.300000000000000000e+01,2.300000000000000000e+01
3.561231815814971924e+02,0.000000000000000000e+00,3.000000000000000000e+01,3.519100000000000250e+01,3.743900000000000006e+01,2.300000000000000000e+01,2.300000000000000000e+01
3.571235480308532715e+02,0.000000000000000000e+00,3.000000000000000000e+01,3.533700000000000330e+01,3.753699999999999903e+01,2.300000000000000000e+01,2.300000000000000000e+01
3.581237587928771973e+02,0.000000000000000000e+00,3.000000000000000000e+01,3.533700000000000330e+01,3.758599999999999852e+01,2.300000000000000000e+01,2.300000000000000000e+01
3.591238720417022705e+02,0.000000000000000000e+00,3.000000000000000000e+01,3.528799999999999670e+01,3.739000000000000057e+01,2.300000000000000000e+01,2.300000000000000000e+01
3.601239993572235107e+02,0.000000000000000000e+00,3.000000000000000000e+01,3.528799999999999670e+01,3.758599999999999852e+01,2.300000000000000000e+01,2.300000000000000000e+01
3.611245775222778320e+02,0.000000000000000000e+00,3.000000000000000000e+01,3.543500000000000227e+01,3.758599999999999852e+01,2.300000000000000000e+01,2.300000000000000000e+01
3.621246278285980225e+02,0.000000000000000000e+00,3.000000000000000000e+01,3.538600000000000279e+01,3.753699999999999903e+01,2.300000000000000000e+01,2.300000000000000000e+01
3.631250936985015869e+02,0.000000000000000000e+00,3.000000000000000000e+01,3.538600000000000279e+01,3.763400000000000034e+01,2.300000000000000000e+01,2.300000000000000000e+01
3.641253588199615479e+02,0.000000000000000000e+00,3.000000000000000000e+01,3.538600000000000279e+01,3.763400000000000034e+01,2.300000000000000000e+01,2.300000000000000000e+01
3.651257970333099365e+02,0.000000000000000000e+00,3.000000000000000000e+01,3.538600000000000279e+01,3.753699999999999903e+01,2.300000000000000000e+01,2.300000000000000000e+01
3.661263220310211182e+02,0.000000000000000000e+00,3.000000000000000000e+01,3.543500000000000227e+01,3.758599999999999852e+01,2.300000000000000000e+01,2.300000000000000000e+01
3.671267831325531006e+02,0.000000000000000000e+00,3.000000000000000000e+01,3.553300000000000125e+01,3.753699999999999903e+01,2.300000000000000000e+01,2.300000000000000000e+01
3.681273455619812012e+02,0.000000000000000000e+00,3.000000000000000000e+01,3.553300000000000125e+01,3.758599999999999852e+01,2.300000000000000000e+01,2.300000000000000000e+01
3.691276819705963135e+02,0.000000000000000000e+00,3.000000000000000000e+01,3.543500000000000227e+01,3.753699999999999903e+01,2.300000000000000000e+01,2.300000000000000000e+01
3.701278429031372070e+02,0.000000000000000000e+00,3.000000000000000000e+01,3.558200000000000074e+01,3.748799999999999955e+01,2.300000000000000000e+01,2.300000000000000000e+01
3.711283094882965088e+02,0.000000000000000000e+00,3.000000000000000000e+01,3.538600000000000279e+01,3.748799999999999955e+01,2.300000000000000000e+01,2.300000000000000000e+01
